key	high	low
0	255	255
1	0	255
2	1	255
3	1	0
4	2	255
5	2	0
6	2	1
7	255	255
8	3	255
9	3	0
10	3	1
11	255	255
12	3	2
13	255	255
14	255	255
15	255	255
16	4	255
17	4	0
18	4	1
19	37	14
20	4	2
21	255	255
22	255	255
23	255	255
24	4	3
25	255	255
26	255	255
27	28	23
28	255	255
29	255	255
30	255	255
31	43	40
32	5	255
33	5	0
34	5	1
35	255	255
36	5	2
37	255	255
38	38	15
39	255	255
40	5	3
41	255	255
42	255	255
43	255	255
44	255	255
45	255	255
46	255	255
47	255	255
48	5	4
49	255	255
50	255	255
51	41	9
52	255	255
53	255	255
54	29	24
55	255	255
56	255	255
57	255	255
58	255	255
59	255	255
60	255	255
61	30	18
62	255	255
63	255	255
64	6	255
65	6	0
66	6	1
67	255	255
68	6	2
69	255	255
70	255	255
71	255	255
72	6	3
73	255	255
74	255	255
75	17	11
76	39	16
77	255	255
78	255	255
79	255	255
80	6	4
81	25	18
82	255	255
83	255	255
84	255	255
85	255	255
86	255	255
87	36	35
88	255	255
89	255	255
90	255	255
91	255	255
92	255	255
93	255	255
94	255	255
95	255	255
96	6	5
97	255	255
98	255	255
99	255	255
100	255	255
101	255	255
102	42	10
103	255	255
104	255	255
105	255	255
106	255	255
107	255	255
108	30	25
109	255	255
110	255	255
111	255	255
112	255	255
113	255	255
114	255	255
115	255	255
116	255	255
117	34	13
118	255	255
119	255	255
120	255	255
121	255	255
122	31	19
123	255	255
124	255	255
125	255	255
126	255	255
127	255	255
128	7	255
129	7	0
130	7	1
131	255	255
132	7	2
133	255	255
134	255	255
135	43	17
136	7	3
137	255	255
138	255	255
139	255	255
140	255	255
141	255	255
142	255	255
143	22	10
144	7	4
145	255	255
146	255	255
147	255	255
148	255	255
149	255	255
150	18	12
151	255	255
152	40	17
153	255	255
154	255	255
155	255	255
156	255	255
157	255	255
158	255	255
159	29	8
160	7	5
161	255	255
162	26	19
163	255	255
164	255	255
165	255	255
166	255	255
167	27	16
168	255	255
169	24	8
170	255	255
171	30	12
172	255	255
173	255	255
174	37	36
175	255	255
176	255	255
177	255	255
178	255	255
179	255	255
180	255	255
181	255	255
182	255	255
183	255	255
184	255	255
185	255	255
186	255	255
187	255	255
188	255	255
189	36	14
190	255	255
191	255	255
192	7	6
193	255	255
194	255	255
195	255	255
196	255	255
197	255	255
198	255	255
199	25	12
200	255	255
201	255	255
202	255	255
203	255	255
204	43	11
205	255	255
206	255	255
207	255	255
208	255	255
209	255	255
210	255	255
211	40	11
212	255	255
213	255	255
214	255	255
215	255	255
216	31	26
217	255	255
218	255	255
219	255	255
220	255	255
221	255	255
222	255	255
223	255	255
224	255	255
225	255	255
226	255	255
227	255	255
228	255	255
229	255	255
230	255	255
231	255	255
232	255	255
233	42	22
234	35	14
235	39	27
236	255	255
237	255	255
238	255	255
239	255	255
240	255	255
241	255	255
242	255	255
243	255	255
244	32	20
245	255	255
246	255	255
247	255	255
248	255	255
249	37	35
250	255	255
251	255	255
252	255	255
253	255	255
254	255	255
255	255	255
256	8	255
257	8	0
258	8	1
259	18	9
260	8	2
261	28	11
262	255	255
263	255	255
264	8	3
265	255	255
266	255	255
267	255	255
268	255	255
269	41	30
270	255	255
271	255	255
272	8	4
273	255	255
274	255	255
275	255	255
276	255	255
277	255	255
278	255	255
279	32	16
280	255	255
281	255	255
282	255	255
283	255	255
284	255	255
285	255	255
286	23	11
287	29	7
288	8	5
289	255	255
290	255	255
291	34	31
292	255	255
293	255	255
294	255	255
295	255	255
296	255	255
297	24	7
298	255	255
299	255	255
300	19	13
301	255	255
302	255	255
303	255	255
304	41	18
305	255	255
306	255	255
307	255	255
308	255	255
309	255	255
310	255	255
311	255	255
312	255	255
313	255	255
314	255	255
315	255	255
316	255	255
317	255	255
318	30	9
319	255	255
320	8	6
321	255	255
322	255	255
323	255	255
324	27	20
325	255	255
326	255	255
327	255	255
328	255	255
329	255	255
330	255	255
331	255	255
332	255	255
333	255	255
334	28	17
335	38	14
336	255	255
337	255	255
338	25	9
339	255	255
340	255	255
341	23	17
342	31	13
343	255	255
344	255	255
345	34	19
346	255	255
347	39	32
348	38	37
349	255	255
350	255	255
351	255	255
352	255	255
353	41	25
354	255	255
355	255	255
356	255	255
357	255	255
358	255	255
359	255	255
360	255	255
361	15	14
362	255	255
363	255	255
364	255	255
365	255	255
366	255	255
367	255	255
368	255	255
369	255	255
370	255	255
371	255	255
372	255	255
373	255	255
374	255	255
375	255	255
376	255	255
377	255	255
378	37	15
379	255	255
380	255	255
381	255	255
382	255	255
383	255	255
384	8	7
385	255	255
386	255	255
387	35	15
388	255	255
389	255	255
390	255	255
391	255	255
392	255	255
393	24	5
394	255	255
395	255	255
396	255	255
397	255	255
398	26	13
399	29	4
400	255	255
401	255	255
402	255	255
403	255	255
404	255	255
405	12	9
406	255	255
407	29	3
408	255	255
409	255	255
410	255	255
411	29	2
412	255	255
413	29	1
414	29	0
415	29	255
416	255	255
417	24	3
418	255	255
419	255	255
420	255	255
421	38	35
422	41	12
423	255	255
424	24	0
425	24	255
426	255	255
427	24	1
428	255	255
429	24	2
430	255	255
431	39	20
432	32	27
433	255	255
434	255	255
435	255	255
436	255	255
437	255	255
438	255	255
439	255	255
440	255	255
441	24	4
442	255	255
443	255	255
444	255	255
445	255	255
446	255	255
447	29	5
448	255	255
449	255	255
450	255	255
451	255	255
452	255	255
453	255	255
454	255	255
455	255	255
456	255	255
457	43	28
458	255	255
459	255	255
460	255	255
461	40	23
462	255	255
463	255	255
464	255	255
465	255	255
466	43	23
467	255	255
468	36	15
469	255	255
470	40	28
471	255	255
472	255	255
473	255	255
474	255	255
475	255	255
476	255	255
477	255	255
478	255	255
479	29	6
480	255	255
481	255	255
482	255	255
483	20	16
484	255	255
485	255	255
486	255	255
487	255	255
488	33	21
489	24	6
490	255	255
491	255	255
492	255	255
493	255	255
494	255	255
495	255	255
496	255	255
497	255	255
498	38	36
499	255	255
500	255	255
501	255	255
502	255	255
503	255	255
504	255	255
505	255	255
506	255	255
507	34	26
508	255	255
509	255	255
510	255	255
511	255	255
512	9	255
513	9	0
514	9	1
515	18	8
516	9	2
517	255	255
518	19	10
519	255	255
520	9	3
521	255	255
522	29	12
523	255	255
524	255	255
525	255	255
526	255	255
527	255	255
528	9	4
529	36	32
530	255	255
531	41	5
532	255	255
533	255	255
534	255	255
535	255	255
536	255	255
537	255	255
538	42	31
539	255	255
540	255	255
541	255	255
542	255	255
543	255	255
544	9	5
545	255	255
546	255	255
547	41	4
548	255	255
549	255	255
550	255	255
551	255	255
552	255	255
553	255	255
554	255	255
555	26	22
556	255	255
557	255	255
558	33	17
559	255	255
560	255	255
561	41	1
562	41	0
563	41	255
564	255	255
565	255	255
566	255	255
567	41	2
568	255	255
569	255	255
570	255	255
571	41	3
572	24	12
573	255	255
574	30	8
575	255	255
576	9	6
577	255	255
578	255	255
579	255	255
580	255	255
581	255	255
582	35	32
583	255	255
584	255	255
585	255	255
586	255	255
587	37	20
588	255	255
589	255	255
590	255	255
591	255	255
592	255	255
593	255	255
594	25	8
595	38	27
596	255	255
597	255	255
598	255	255
599	255	255
600	20	14
601	255	255
602	255	255
603	255	255
604	255	255
605	255	255
606	255	255
607	255	255
608	42	19
609	255	255
610	255	255
611	255	255
612	255	255
613	33	11
614	255	255
615	255	255
616	255	255
617	255	255
618	255	255
619	255	255
620	255	255
621	255	255
622	255	255
623	255	255
624	255	255
625	255	255
626	255	255
627	41	6
628	255	255
629	27	15
630	255	255
631	255	255
632	255	255
633	255	255
634	255	255
635	255	255
636	31	10
637	255	255
638	255	255
639	255	255
640	9	7
641	255	255
642	255	255
643	255	255
644	255	255
645	255	255
646	255	255
647	255	255
648	28	21
649	22	19
650	255	255
651	255	255
652	255	255
653	255	255
654	255	255
655	255	255
656	255	255
657	255	255
658	255	255
659	23	21
660	255	255
661	12	8
662	255	255
663	30	24
664	255	255
665	255	255
666	255	255
667	255	255
668	29	18
669	255	255
670	39	15
671	255	255
672	255	255
673	30	29
674	255	255
675	255	255
676	26	10
677	255	255
678	255	255
679	255	255
680	255	255
681	43	33
682	24	18
683	255	255
684	32	14
685	255	255
686	255	255
687	255	255
688	255	255
689	255	255
690	35	20
691	41	7
692	255	255
693	255	255
694	40	33
695	255	255
696	39	38
697	255	255
698	255	255
699	255	255
700	255	255
701	255	255
702	255	255
703	37	32
704	255	255
705	255	255
706	42	26
707	255	255
708	255	255
709	255	255
710	255	255
711	255	255
712	255	255
713	255	255
714	255	255
715	255	255
716	255	255
717	29	25
718	255	255
719	255	255
720	255	255
721	255	255
722	16	15
723	255	255
724	255	255
725	255	255
726	255	255
727	255	255
728	255	255
729	255	255
730	255	255
731	255	255
732	255	255
733	255	255
734	255	255
735	255	255
736	255	255
737	255	255
738	255	255
739	255	255
740	255	255
741	36	20
742	255	255
743	255	255
744	255	255
745	255	255
746	255	255
747	255	255
748	255	255
749	255	255
750	255	255
751	255	255
752	255	255
753	255	255
754	255	255
755	31	22
756	38	16
757	255	255
758	255	255
759	255	255
760	255	255
761	255	255
762	255	255
763	25	24
764	255	255
765	255	255
766	255	255
767	255	255
768	9	8
769	18	1
770	18	0
771	18	255
772	255	255
773	255	255
774	36	16
775	18	2
776	255	255
777	255	255
778	255	255
779	18	3
780	255	255
781	255	255
782	255	255
783	37	27
784	255	255
785	255	255
786	25	6
787	18	4
788	255	255
789	12	7
790	255	255
791	38	20
792	255	255
793	255	255
794	255	255
795	255	255
796	27	14
797	39	35
798	30	5
799	255	255
800	255	255
801	255	255
802	255	255
803	18	5
804	255	255
805	255	255
806	255	255
807	255	255
808	255	255
809	255	255
810	13	10
811	255	255
812	255	255
813	255	255
814	30	4
815	255	255
816	255	255
817	20	15
818	255	255
819	41	8
820	255	255
821	255	255
822	30	3
823	255	255
824	255	255
825	42	34
826	30	2
827	255	255
828	30	1
829	255	255
830	30	255
831	30	0
832	255	255
833	43	21
834	25	4
835	18	6
836	255	255
837	255	255
838	255	255
839	255	255
840	255	255
841	255	255
842	39	36
843	255	255
844	42	13
845	255	255
846	255	255
847	255	255
848	25	1
849	35	16
850	25	255
851	25	0
852	255	255
853	255	255
854	25	2
855	255	255
856	255	255
857	255	255
858	25	3
859	255	255
860	255	255
861	255	255
862	40	21
863	34	10
864	33	28
865	255	255
866	255	255
867	255	255
868	255	255
869	255	255
870	255	255
871	255	255
872	255	255
873	255	255
874	255	255
875	255	255
876	255	255
877	255	255
878	255	255
879	255	255
880	255	255
881	255	255
882	25	5
883	255	255
884	255	255
885	255	255
886	255	255
887	255	255
888	255	255
889	255	255
890	255	255
891	33	23
892	255	255
893	255	255
894	30	6
895	255	255
896	255	255
897	255	255
898	255	255
899	18	7
900	255	255
901	12	4
902	255	255
903	255	255
904	255	255
905	255	255
906	255	255
907	255	255
908	255	255
909	21	11
910	255	255
911	255	255
912	255	255
913	12	2
914	255	255
915	255	255
916	12	0
917	12	255
918	255	255
919	12	1
920	255	255
921	255	255
922	41	24
923	255	255
924	255	255
925	12	3
926	255	255
927	29	9
928	255	255
929	36	27
930	255	255
931	255	255
932	255	255
933	22	13
934	255	255
935	255	255
936	37	16
937	24	9
938	255	255
939	255	255
940	41	29
941	255	255
942	255	255
943	255	255
944	255	255
945	255	255
946	255	255
947	255	255
948	255	255
949	12	5
950	255	255
951	255	255
952	255	255
953	255	255
954	255	255
955	16	14
956	255	255
957	255	255
958	30	7
959	255	255
960	255	255
961	255	255
962	255	255
963	255	255
964	255	255
965	32	15
966	21	17
967	255	255
968	255	255
969	255	255
970	255	255
971	255	255
972	255	255
973	255	255
974	255	255
975	255	255
976	34	22
977	255	255
978	25	7
979	255	255
980	255	255
981	12	6
982	255	255
983	255	255
984	255	255
985	255	255
986	255	255
987	255	255
988	255	255
989	255	255
990	255	255
991	255	255
992	255	255
993	255	255
994	255	255
995	38	32
996	39	37
997	255	255
998	255	255
999	255	255
1000	255	255
1001	255	255
1002	255	255
1003	255	255
1004	255	255
1005	255	255
1006	255	255
1007	255	255
1008	255	255
1009	255	255
1010	255	255
1011	255	255
1012	255	255
1013	255	255
1014	35	27
1015	39	14
1016	255	255
1017	255	255
1018	255	255
1019	255	255
1020	255	255
1021	255	255
1022	255	255
1023	255	255
1024	10	255
1025	10	0
1026	10	1
1027	255	255
1028	10	2
1029	255	255
1030	19	9
1031	255	255
1032	10	3
1033	255	255
1034	255	255
1035	255	255
1036	20	11
1037	34	25
1038	255	255
1039	22	7
1040	10	4
1041	255	255
1042	255	255
1043	255	255
1044	30	13
1045	255	255
1046	255	255
1047	255	255
1048	255	255
1049	255	255
1050	255	255
1051	255	255
1052	255	255
1053	255	255
1054	255	255
1055	255	255
1056	10	5
1057	255	255
1058	37	33
1059	255	255
1060	255	255
1061	255	255
1062	42	6
1063	255	255
1064	255	255
1065	18	13
1066	255	255
1067	40	32
1068	255	255
1069	255	255
1070	255	255
1071	255	255
1072	255	255
1073	33	14
1074	255	255
1075	255	255
1076	43	32
1077	41	19
1078	255	255
1079	255	255
1080	255	255
1081	255	255
1082	255	255
1083	255	255
1084	255	255
1085	255	255
1086	255	255
1087	255	255
1088	10	6
1089	255	255
1090	255	255
1091	255	255
1092	255	255
1093	255	255
1094	42	5
1095	20	17
1096	255	255
1097	255	255
1098	255	255
1099	255	255
1100	255	255
1101	28	27
1102	255	255
1103	41	31
1104	255	255
1105	255	255
1106	255	255
1107	255	255
1108	255	255
1109	255	255
1110	27	23
1111	255	255
1112	255	255
1113	255	255
1114	255	255
1115	255	255
1116	34	18
1117	255	255
1118	255	255
1119	255	255
1120	255	255
1121	34	30
1122	42	2
1123	255	255
1124	42	1
1125	255	255
1126	42	255
1127	42	0
1128	255	255
1129	255	255
1130	255	255
1131	255	255
1132	255	255
1133	255	255
1134	42	3
1135	255	255
1136	255	255
1137	255	255
1138	255	255
1139	255	255
1140	255	255
1141	255	255
1142	42	4
1143	255	255
1144	25	13
1145	255	255
1146	255	255
1147	255	255
1148	31	9
1149	255	255
1150	255	255
1151	255	255
1152	10	7
1153	255	255
1154	255	255
1155	255	255
1156	255	255
1157	255	255
1158	255	255
1159	22	3
1160	255	255
1161	255	255
1162	255	255
1163	22	2
1164	36	33
1165	22	1
1166	22	0
1167	22	255
1168	255	255
1169	255	255
1170	255	255
1171	255	255
1172	255	255
1173	255	255
1174	38	21
1175	41	26
1176	255	255
1177	255	255
1178	255	255
1179	255	255
1180	255	255
1181	255	255
1182	255	255
1183	22	4
1184	255	255
1185	255	255
1186	255	255
1187	255	255
1188	26	9
1189	255	255
1190	39	28
1191	255	255
1192	255	255
1193	255	255
1194	255	255
1195	255	255
1196	255	255
1197	255	255
1198	255	255
1199	22	5
1200	21	15
1201	255	255
1202	255	255
1203	32	17
1204	255	255
1205	255	255
1206	255	255
1207	255	255
1208	255	255
1209	255	255
1210	255	255
1211	255	255
1212	255	255
1213	39	23
1214	255	255
1215	13	12
1216	43	20
1217	255	255
1218	255	255
1219	255	255
1220	255	255
1221	255	255
1222	255	255
1223	255	255
1224	255	255
1225	255	255
1226	34	12
1227	255	255
1228	255	255
1229	255	255
1230	255	255
1231	22	6
1232	255	255
1233	255	255
1234	255	255
1235	255	255
1236	255	255
1237	255	255
1238	255	255
1239	255	255
1240	255	255
1241	255	255
1242	255	255
1243	35	33
1244	255	255
1245	255	255
1246	255	255
1247	40	20
1248	255	255
1249	255	255
1250	255	255
1251	255	255
1252	255	255
1253	255	255
1254	42	7
1255	255	255
1256	255	255
1257	255	255
1258	28	16
1259	255	255
1260	255	255
1261	255	255
1262	255	255
1263	255	255
1264	255	255
1265	23	16
1266	255	255
1267	255	255
1268	255	255
1269	255	255
1270	255	255
1271	255	255
1272	32	11
1273	255	255
1274	255	255
1275	255	255
1276	255	255
1277	255	255
1278	255	255
1279	255	255
1280	10	8
1281	255	255
1282	255	255
1283	27	17
1284	255	255
1285	19	18
1286	255	255
1287	255	255
1288	255	255
1289	28	20
1290	255	255
1291	255	255
1292	255	255
1293	255	255
1294	255	255
1295	255	255
1296	29	22
1297	255	255
1298	23	20
1299	255	255
1300	255	255
1301	255	255
1302	255	255
1303	255	255
1304	255	255
1305	41	13
1306	255	255
1307	255	255
1308	255	255
1309	255	255
1310	255	255
1311	255	255
1312	255	255
1313	255	255
1314	255	255
1315	43	16
1316	255	255
1317	255	255
1318	24	22
1319	255	255
1320	255	255
1321	255	255
1322	13	9
1323	255	255
1324	255	255
1325	255	255
1326	31	25
1327	255	255
1328	255	255
1329	26	12
1330	255	255
1331	35	21
1332	255	255
1333	255	255
1334	255	255
1335	255	255
1336	30	19
1337	255	255
1338	255	255
1339	255	255
1340	40	16
1341	255	255
1342	255	255
1343	255	255
1344	255	255
1345	255	255
1346	31	30
1347	255	255
1348	255	255
1349	255	255
1350	255	255
1351	255	255
1352	27	11
1353	255	255
1354	255	255
1355	255	255
1356	255	255
1357	255	255
1358	255	255
1359	255	255
1360	255	255
1361	255	255
1362	255	255
1363	255	255
1364	25	19
1365	255	255
1366	255	255
1367	255	255
1368	33	15
1369	255	255
1370	255	255
1371	255	255
1372	255	255
1373	255	255
1374	255	255
1375	34	9
1376	255	255
1377	255	255
1378	255	255
1379	255	255
1380	36	21
1381	255	255
1382	42	8
1383	255	255
1384	255	255
1385	255	255
1386	255	255
1387	255	255
1388	41	34
1389	255	255
1390	255	255
1391	43	39
1392	40	39
1393	255	255
1394	255	255
1395	255	255
1396	255	255
1397	255	255
1398	255	255
1399	255	255
1400	255	255
1401	255	255
1402	255	255
1403	255	255
1404	255	255
1405	255	255
1406	38	33
1407	31	18
1408	255	255
1409	255	255
1410	255	255
1411	255	255
1412	43	27
1413	255	255
1414	255	255
1415	255	255
1416	255	255
1417	255	255
1418	255	255
1419	255	255
1420	255	255
1421	255	255
1422	255	255
1423	22	8
1424	255	255
1425	255	255
1426	255	255
1427	19	12
1428	255	255
1429	255	255
1430	255	255
1431	255	255
1432	255	255
1433	255	255
1434	30	26
1435	40	27
1436	255	255
1437	255	255
1438	255	255
1439	29	10
1440	255	255
1441	255	255
1442	255	255
1443	39	11
1444	17	16
1445	255	255
1446	255	255
1447	26	18
1448	255	255
1449	24	10
1450	255	255
1451	255	255
1452	255	255
1453	255	255
1454	255	255
1455	255	255
1456	255	255
1457	255	255
1458	255	255
1459	255	255
1460	255	255
1461	255	255
1462	255	255
1463	255	255
1464	255	255
1465	255	255
1466	255	255
1467	255	255
1468	255	255
1469	255	255
1470	255	255
1471	255	255
1472	255	255
1473	255	255
1474	255	255
1475	255	255
1476	255	255
1477	255	255
1478	255	255
1479	255	255
1480	255	255
1481	255	255
1482	37	21
1483	255	255
1484	255	255
1485	255	255
1486	255	255
1487	42	24
1488	255	255
1489	255	255
1490	255	255
1491	255	255
1492	255	255
1493	255	255
1494	255	255
1495	255	255
1496	255	255
1497	21	14
1498	255	255
1499	255	255
1500	255	255
1501	255	255
1502	255	255
1503	255	255
1504	255	255
1505	255	255
1506	255	255
1507	255	255
1508	255	255
1509	255	255
1510	32	23
1511	255	255
1512	39	17
1513	31	12
1514	255	255
1515	255	255
1516	255	255
1517	255	255
1518	255	255
1519	16	11
1520	255	255
1521	255	255
1522	255	255
1523	255	255
1524	255	255
1525	255	255
1526	26	25
1527	255	255
1528	255	255
1529	42	29
1530	255	255
1531	255	255
1532	255	255
1533	32	28
1534	255	255
1535	255	255
1536	10	9
1537	255	255
1538	19	2
1539	255	255
1540	19	1
1541	38	23
1542	19	255
1543	19	0
1544	255	255
1545	255	255
1546	255	255
1547	255	255
1548	37	17
1549	255	255
1550	19	3
1551	255	255
1552	255	255
1553	255	255
1554	255	255
1555	255	255
1556	255	255
1557	255	255
1558	19	4
1559	255	255
1560	255	255
1561	255	255
1562	255	255
1563	255	255
1564	255	255
1565	255	255
1566	38	28
1567	17	14
1568	255	255
1569	255	255
1570	255	255
1571	23	15
1572	26	7
1573	43	36
1574	19	5
1575	255	255
1576	255	255
1577	255	255
1578	13	8
1579	255	255
1580	255	255
1581	255	255
1582	39	21
1583	255	255
1584	255	255
1585	255	255
1586	255	255
1587	41	10
1588	255	255
1589	255	255
1590	255	255
1591	255	255
1592	28	15
1593	255	255
1594	40	36
1595	255	255
1596	31	6
1597	255	255
1598	255	255
1599	255	255
1600	255	255
1601	255	255
1602	255	255
1603	255	255
1604	255	255
1605	255	255
1606	19	6
1607	37	11
1608	255	255
1609	255	255
1610	255	255
1611	255	255
1612	255	255
1613	255	255
1614	255	255
1615	255	255
1616	255	255
1617	255	255
1618	255	255
1619	255	255
1620	14	11
1621	42	41
1622	255	255
1623	255	255
1624	255	255
1625	255	255
1626	255	255
1627	255	255
1628	31	5
1629	255	255
1630	255	255
1631	34	8
1632	255	255
1633	255	255
1634	21	16
1635	255	255
1636	255	255
1637	255	255
1638	42	9
1639	255	255
1640	255	255
1641	33	20
1642	255	255
1643	255	255
1644	31	4
1645	40	35
1646	255	255
1647	255	255
1648	255	255
1649	255	255
1650	43	35
1651	255	255
1652	31	3
1653	255	255
1654	255	255
1655	255	255
1656	31	2
1657	255	255
1658	255	255
1659	255	255
1660	31	255
1661	31	0
1662	31	1
1663	255	255
1664	255	255
1665	255	255
1666	255	255
1667	24	13
1668	26	5
1669	255	255
1670	19	7
1671	40	14
1672	255	255
1673	255	255
1674	255	255
1675	43	37
1676	255	255
1677	255	255
1678	255	255
1679	22	9
1680	255	255
1681	255	255
1682	255	255
1683	255	255
1684	40	37
1685	255	255
1686	255	255
1687	255	255
1688	43	14
1689	255	255
1690	255	255
1691	255	255
1692	255	255
1693	33	32
1694	255	255
1695	255	255
1696	26	2
1697	255	255
1698	36	17
1699	255	255
1700	26	255
1701	26	0
1702	26	1
1703	255	255
1704	255	255
1705	255	255
1706	255	255
1707	255	255
1708	26	3
1709	255	255
1710	255	255
1711	255	255
1712	255	255
1713	255	255
1714	255	255
1715	255	255
1716	26	4
1717	29	13
1718	255	255
1719	255	255
1720	255	255
1721	255	255
1722	255	255
1723	255	255
1724	41	22
1725	255	255
1726	35	11
1727	255	255
1728	34	29
1729	255	255
1730	255	255
1731	255	255
1732	255	255
1733	27	21
1734	255	255
1735	255	255
1736	255	255
1737	255	255
1738	255	255
1739	255	255
1740	255	255
1741	255	255
1742	255	255
1743	255	255
1744	255	255
1745	255	255
1746	255	255
1747	255	255
1748	255	255
1749	255	255
1750	255	255
1751	255	255
1752	255	255
1753	255	255
1754	255	255
1755	255	255
1756	255	255
1757	255	255
1758	255	255
1759	255	255
1760	255	255
1761	255	255
1762	255	255
1763	255	255
1764	26	6
1765	255	255
1766	255	255
1767	255	255
1768	255	255
1769	36	11
1770	255	255
1771	255	255
1772	255	255
1773	255	255
1774	255	255
1775	255	255
1776	255	255
1777	255	255
1778	255	255
1779	255	255
1780	255	255
1781	35	17
1782	34	24
1783	255	255
1784	255	255
1785	255	255
1786	255	255
1787	255	255
1788	31	7
1789	255	255
1790	255	255
1791	255	255
1792	255	255
1793	255	255
1794	255	255
1795	18	10
1796	255	255
1797	255	255
1798	19	8
1799	255	255
1800	255	255
1801	255	255
1802	13	5
1803	255	255
1804	255	255
1805	26	24
1806	255	255
1807	255	255
1808	255	255
1809	255	255
1810	255	255
1811	255	255
1812	255	255
1813	255	255
1814	255	255
1815	255	255
1816	255	255
1817	255	255
1818	22	12
1819	38	11
1820	255	255
1821	255	255
1822	255	255
1823	34	6
1824	255	255
1825	255	255
1826	13	3
1827	255	255
1828	255	255
1829	255	255
1830	255	255
1831	255	255
1832	13	1
1833	255	255
1834	13	255
1835	13	0
1836	255	255
1837	33	27
1838	13	2
1839	255	255
1840	255	255
1841	255	255
1842	255	255
1843	255	255
1844	42	25
1845	255	255
1846	255	255
1847	255	255
1848	255	255
1849	255	255
1850	13	4
1851	29	26
1852	255	255
1853	15	11
1854	30	10
1855	255	255
1856	255	255
1857	255	255
1858	37	28
1859	255	255
1860	255	255
1861	255	255
1862	255	255
1863	255	255
1864	255	255
1865	255	255
1866	23	14
1867	255	255
1868	255	255
1869	255	255
1870	255	255
1871	34	4
1872	38	17
1873	28	14
1874	25	10
1875	255	255
1876	255	255
1877	255	255
1878	255	255
1879	34	3
1880	42	30
1881	37	23
1882	255	255
1883	34	2
1884	255	255
1885	34	1
1886	34	0
1887	34	255
1888	255	255
1889	255	255
1890	255	255
1891	255	255
1892	255	255
1893	42	18
1894	255	255
1895	255	255
1896	255	255
1897	255	255
1898	13	6
1899	255	255
1900	255	255
1901	255	255
1902	255	255
1903	255	255
1904	255	255
1905	255	255
1906	255	255
1907	255	255
1908	255	255
1909	32	21
1910	17	15
1911	255	255
1912	255	255
1913	255	255
1914	255	255
1915	255	255
1916	31	8
1917	255	255
1918	255	255
1919	34	5
1920	255	255
1921	21	20
1922	255	255
1923	255	255
1924	255	255
1925	255	255
1926	255	255
1927	255	255
1928	255	255
1929	255	255
1930	33	16
1931	255	255
1932	22	18
1933	255	255
1934	255	255
1935	255	255
1936	255	255
1937	255	255
1938	255	255
1939	255	255
1940	255	255
1941	12	10
1942	255	255
1943	255	255
1944	255	255
1945	29	19
1946	255	255
1947	255	255
1948	255	255
1949	255	255
1950	255	255
1951	255	255
1952	35	23
1953	255	255
1954	255	255
1955	255	255
1956	26	8
1957	255	255
1958	255	255
1959	255	255
1960	255	255
1961	255	255
1962	13	7
1963	255	255
1964	255	255
1965	255	255
1966	255	255
1967	24	19
1968	255	255
1969	30	22
1970	255	255
1971	255	255
1972	255	255
1973	255	255
1974	255	255
1975	255	255
1976	255	255
1977	255	255
1978	255	255
1979	35	28
1980	255	255
1981	255	255
1982	255	255
1983	255	255
1984	255	255
1985	255	255
1986	255	255
1987	255	255
1988	255	255
1989	255	255
1990	39	33
1991	255	255
1992	40	38
1993	255	255
1994	255	255
1995	255	255
1996	255	255
1997	255	255
1998	255	255
1999	255	255
2000	255	255
2001	255	255
2002	255	255
2003	255	255
2004	255	255
2005	31	24
2006	255	255
2007	43	38
2008	255	255
2009	255	255
2010	255	255
2011	255	255
2012	255	255
2013	25	22
2014	255	255
2015	34	7
2016	255	255
2017	255	255
2018	255	255
2019	31	29
2020	255	255
2021	255	255
2022	255	255
2023	255	255
2024	255	255
2025	255	255
2026	255	255
2027	255	255
2028	36	28
2029	255	255
2030	40	15
2031	255	255
2032	255	255
2033	43	15
2034	255	255
2035	42	12
2036	255	255
2037	255	255
2038	255	255
2039	36	23
2040	255	255
2041	255	255
2042	255	255
2043	255	255
2044	255	255
2045	255	255
2046	255	255
2047	255	255
2048	11	255
2049	11	0
2050	11	1
2051	255	255
2052	11	2
2053	28	8
2054	255	255
2055	255	255
2056	11	3
2057	255	255
2058	255	255
2059	17	6
2060	20	10
2061	255	255
2062	255	255
2063	255	255
2064	11	4
2065	255	255
2066	255	255
2067	255	255
2068	255	255
2069	255	255
2070	255	255
2071	15	13
2072	21	12
2073	255	255
2074	35	26
2075	255	255
2076	255	255
2077	255	255
2078	23	8
2079	255	255
2080	11	5
2081	255	255
2082	255	255
2083	255	255
2084	255	255
2085	255	255
2086	255	255
2087	255	255
2088	31	14
2089	255	255
2090	255	255
2091	255	255
2092	255	255
2093	255	255
2094	255	255
2095	255	255
2096	255	255
2097	38	13
2098	255	255
2099	255	255
2100	255	255
2101	255	255
2102	255	255
2103	255	255
2104	255	255
2105	255	255
2106	255	255
2107	37	31
2108	255	255
2109	255	255
2110	255	255
2111	255	255
2112	11	6
2113	37	19
2114	255	255
2115	17	3
2116	38	34
2117	255	255
2118	255	255
2119	255	255
2120	255	255
2121	17	1
2122	17	0
2123	17	255
2124	43	7
2125	36	26
2126	255	255
2127	17	2
2128	255	255
2129	255	255
2130	19	14
2131	40	7
2132	255	255
2133	255	255
2134	41	33
2135	255	255
2136	255	255
2137	255	255
2138	255	255
2139	17	4
2140	255	255
2141	255	255
2142	255	255
2143	255	255
2144	255	255
2145	255	255
2146	34	15
2147	255	255
2148	255	255
2149	33	9
2150	255	255
2151	255	255
2152	255	255
2153	255	255
2154	42	20
2155	17	5
2156	255	255
2157	255	255
2158	255	255
2159	255	255
2160	255	255
2161	255	255
2162	255	255
2163	255	255
2164	255	255
2165	255	255
2166	255	255
2167	32	22
2168	255	255
2169	255	255
2170	255	255
2171	255	255
2172	255	255
2173	255	255
2174	255	255
2175	255	255
2176	11	7
2177	29	23
2178	255	255
2179	22	20
2180	255	255
2181	255	255
2182	255	255
2183	255	255
2184	255	255
2185	255	255
2186	255	255
2187	255	255
2188	43	6
2189	255	255
2190	21	18
2191	255	255
2192	255	255
2193	255	255
2194	255	255
2195	40	6
2196	255	255
2197	36	31
2198	255	255
2199	255	255
2200	255	255
2201	255	255
2202	29	28
2203	255	255
2204	255	255
2205	255	255
2206	42	32
2207	255	255
2208	255	255
2209	255	255
2210	255	255
2211	255	255
2212	255	255
2213	255	255
2214	255	255
2215	255	255
2216	255	255
2217	255	255
2218	255	255
2219	255	255
2220	28	24
2221	255	255
2222	255	255
2223	255	255
2224	255	255
2225	255	255
2226	255	255
2227	30	21
2228	255	255
2229	255	255
2230	255	255
2231	24	23
2232	35	19
2233	255	255
2234	255	255
2235	255	255
2236	255	255
2237	255	255
2238	255	255
2239	255	255
2240	255	255
2241	255	255
2242	35	31
2243	40	4
2244	43	3
2245	255	255
2246	255	255
2247	255	255
2248	43	2
2249	255	255
2250	255	255
2251	17	7
2252	43	255
2253	43	0
2254	43	1
2255	255	255
2256	255	255
2257	40	1
2258	40	0
2259	40	255
2260	255	255
2261	255	255
2262	255	255
2263	40	2
2264	255	255
2265	255	255
2266	255	255
2267	40	3
2268	43	4
2269	255	255
2270	255	255
2271	25	21
2272	255	255
2273	255	255
2274	255	255
2275	37	26
2276	255	255
2277	255	255
2278	255	255
2279	255	255
2280	255	255
2281	255	255
2282	255	255
2283	255	255
2284	43	5
2285	255	255
2286	255	255
2287	36	19
2288	26	14
2289	255	255
2290	255	255
2291	40	5
2292	255	255
2293	255	255
2294	255	255
2295	255	255
2296	32	10
2297	255	255
2298	255	255
2299	255	255
2300	255	255
2301	255	255
2302	255	255
2303	255	255
2304	11	8
2305	28	2
2306	255	255
2307	255	255
2308	28	0
2309	28	255
2310	255	255
2311	28	1
2312	255	255
2313	255	255
2314	255	255
2315	34	14
2316	255	255
2317	28	3
2318	23	4
2319	255	255
2320	255	255
2321	255	255
2322	255	255
2323	255	255
2324	255	255
2325	28	4
2326	23	3
2327	255	255
2328	37	34
2329	255	255
2330	23	2
2331	255	255
2332	23	1
2333	38	19
2334	23	255
2335	23	0
2336	255	255
2337	255	255
2338	255	255
2339	255	255
2340	255	255
2341	28	5
2342	255	255
2343	255	255
2344	255	255
2345	255	255
2346	255	255
2347	255	255
2348	39	22
2349	255	255
2350	42	27
2351	255	255
2352	255	255
2353	255	255
2354	255	255
2355	255	255
2356	255	255
2357	255	255
2358	255	255
2359	33	25
2360	255	255
2361	255	255
2362	255	255
2363	19	15
2364	255	255
2365	255	255
2366	23	5
2367	255	255
2368	255	255
2369	31	15
2370	255	255
2371	255	255
2372	255	255
2373	28	6
2374	255	255
2375	255	255
2376	27	10
2377	255	255
2378	255	255
2379	17	8
2380	40	29
2381	255	255
2382	255	255
2383	255	255
2384	255	255
2385	255	255
2386	255	255
2387	43	29
2388	255	255
2389	255	255
2390	255	255
2391	255	255
2392	255	255
2393	255	255
2394	255	255
2395	33	30
2396	255	255
2397	255	255
2398	23	6
2399	255	255
2400	22	16
2401	255	255
2402	255	255
2403	255	255
2404	255	255
2405	43	24
2406	33	18
2407	38	31
2408	255	255
2409	255	255
2410	255	255
2411	255	255
2412	255	255
2413	37	13
2414	255	255
2415	255	255
2416	255	255
2417	255	255
2418	255	255
2419	255	255
2420	255	255
2421	255	255
2422	255	255
2423	255	255
2424	255	255
2425	255	255
2426	40	24
2427	255	255
2428	255	255
2429	255	255
2430	14	13
2431	255	255
2432	255	255
2433	255	255
2434	255	255
2435	255	255
2436	255	255
2437	28	7
2438	255	255
2439	255	255
2440	255	255
2441	42	16
2442	255	255
2443	255	255
2444	255	255
2445	21	9
2446	255	255
2447	255	255
2448	255	255
2449	255	255
2450	255	255
2451	255	255
2452	35	13
2453	255	255
2454	255	255
2455	255	255
2456	255	255
2457	26	15
2458	255	255
2459	255	255
2460	255	255
2461	255	255
2462	23	7
2463	29	11
2464	255	255
2465	255	255
2466	255	255
2467	39	10
2468	255	255
2469	255	255
2470	255	255
2471	255	255
2472	255	255
2473	24	11
2474	255	255
2475	255	255
2476	255	255
2477	255	255
2478	255	255
2479	255	255
2480	255	255
2481	255	255
2482	255	255
2483	255	255
2484	255	255
2485	255	255
2486	36	34
2487	255	255
2488	255	255
2489	255	255
2490	255	255
2491	255	255
2492	255	255
2493	255	255
2494	41	21
2495	38	26
2496	255	255
2497	255	255
2498	255	255
2499	36	13
2500	255	255
2501	42	39
2502	255	255
2503	27	22
2504	255	255
2505	255	255
2506	255	255
2507	255	255
2508	43	8
2509	255	255
2510	255	255
2511	255	255
2512	255	255
2513	255	255
2514	255	255
2515	40	8
2516	29	17
2517	255	255
2518	255	255
2519	255	255
2520	255	255
2521	255	255
2522	255	255
2523	255	255
2524	255	255
2525	255	255
2526	255	255
2527	255	255
2528	255	255
2529	35	34
2530	24	17
2531	255	255
2532	255	255
2533	255	255
2534	255	255
2535	255	255
2536	255	255
2537	255	255
2538	255	255
2539	255	255
2540	255	255
2541	255	255
2542	255	255
2543	16	10
2544	33	12
2545	255	255
2546	255	255
2547	255	255
2548	255	255
2549	255	255
2550	255	255
2551	255	255
2552	255	255
2553	255	255
2554	255	255
2555	255	255
2556	255	255
2557	255	255
2558	255	255
2559	255	255
2560	11	9
2561	255	255
2562	255	255
2563	255	255
2564	255	255
2565	255	255
2566	28	18
2567	255	255
2568	255	255
2569	255	255
2570	20	19
2571	255	255
2572	255	255
2573	255	255
2574	255	255
2575	255	255
2576	255	255
2577	255	255
2578	29	21
2579	255	255
2580	255	255
2581	255	255
2582	255	255
2583	34	27
2584	255	255
2585	255	255
2586	255	255
2587	255	255
2588	255	255
2589	23	18
2590	255	255
2591	255	255
2592	30	23
2593	42	37
2594	255	255
2595	255	255
2596	24	21
2597	33	6
2598	255	255
2599	255	255
2600	255	255
2601	255	255
2602	255	255
2603	255	255
2604	255	255
2605	255	255
2606	255	255
2607	255	255
2608	255	255
2609	35	22
2610	42	14
2611	41	11
2612	255	255
2613	255	255
2614	255	255
2615	255	255
2616	255	255
2617	255	255
2618	255	255
2619	30	28
2620	255	255
2621	255	255
2622	255	255
2623	255	255
2624	255	255
2625	255	255
2626	255	255
2627	255	255
2628	255	255
2629	33	5
2630	255	255
2631	37	10
2632	255	255
2633	255	255
2634	255	255
2635	17	9
2636	25	23
2637	255	255
2638	255	255
2639	255	255
2640	255	255
2641	255	255
2642	255	255
2643	255	255
2644	14	10
2645	255	255
2646	255	255
2647	28	25
2648	255	255
2649	255	255
2650	255	255
2651	255	255
2652	32	26
2653	255	255
2654	255	255
2655	255	255
2656	255	255
2657	33	2
2658	27	13
2659	255	255
2660	33	0
2661	33	255
2662	36	22
2663	33	1
2664	255	255
2665	255	255
2666	255	255
2667	255	255
2668	255	255
2669	33	3
2670	255	255
2671	255	255
2672	31	20
2673	255	255
2674	255	255
2675	255	255
2676	255	255
2677	33	4
2678	255	255
2679	255	255
2680	41	17
2681	255	255
2682	255	255
2683	255	255
2684	255	255
2685	255	255
2686	255	255
2687	255	255
2688	255	255
2689	255	255
2690	255	255
2691	255	255
2692	32	31
2693	255	255
2694	255	255
2695	255	255
2696	255	255
2697	39	13
2698	255	255
2699	23	12
2700	255	255
2701	21	8
2702	255	255
2703	42	36
2704	28	12
2705	255	255
2706	255	255
2707	255	255
2708	255	255
2709	255	255
2710	255	255
2711	255	255
2712	255	255
2713	255	255
2714	255	255
2715	255	255
2716	255	255
2717	255	255
2718	255	255
2719	255	255
2720	255	255
2721	255	255
2722	255	255
2723	255	255
2724	255	255
2725	255	255
2726	255	255
2727	255	255
2728	26	20
2729	255	255
2730	255	255
2731	255	255
2732	255	255
2733	255	255
2734	255	255
2735	255	255
2736	34	16
2737	255	255
2738	255	255
2739	255	255
2740	255	255
2741	255	255
2742	255	255
2743	255	255
2744	255	255
2745	255	255
2746	255	255
2747	255	255
2748	255	255
2749	255	255
2750	35	10
2751	255	255
2752	255	255
2753	255	255
2754	255	255
2755	255	255
2756	255	255
2757	16	13
2758	255	255
2759	255	255
2760	37	22
2761	255	255
2762	255	255
2763	255	255
2764	43	9
2765	255	255
2766	255	255
2767	255	255
2768	255	255
2769	255	255
2770	255	255
2771	40	9
2772	255	255
2773	255	255
2774	255	255
2775	255	255
2776	42	35
2777	255	255
2778	255	255
2779	22	14
2780	255	255
2781	255	255
2782	255	255
2783	255	255
2784	41	40
2785	255	255
2786	255	255
2787	255	255
2788	255	255
2789	33	7
2790	255	255
2791	255	255
2792	255	255
2793	36	10
2794	255	255
2795	255	255
2796	255	255
2797	255	255
2798	255	255
2799	255	255
2800	255	255
2801	255	255
2802	255	255
2803	255	255
2804	255	255
2805	255	255
2806	255	255
2807	255	255
2808	255	255
2809	255	255
2810	255	255
2811	255	255
2812	39	34
2813	255	255
2814	32	19
2815	43	41
2816	255	255
2817	255	255
2818	255	255
2819	18	11
2820	255	255
2821	28	9
2822	255	255
2823	39	26
2824	255	255
2825	255	255
2826	255	255
2827	255	255
2828	255	255
2829	21	7
2830	255	255
2831	255	255
2832	255	255
2833	255	255
2834	255	255
2835	255	255
2836	255	255
2837	255	255
2838	255	255
2839	255	255
2840	255	255
2841	25	17
2842	255	255
2843	38	10
2844	255	255
2845	255	255
2846	23	9
2847	255	255
2848	255	255
2849	255	255
2850	255	255
2851	255	255
2852	255	255
2853	255	255
2854	20	13
2855	255	255
2856	255	255
2857	255	255
2858	255	255
2859	255	255
2860	255	255
2861	41	23
2862	255	255
2863	255	255
2864	255	255
2865	255	255
2866	255	255
2867	255	255
2868	31	27
2869	255	255
2870	41	28
2871	255	255
2872	255	255
2873	255	255
2874	255	255
2875	255	255
2876	255	255
2877	15	10
2878	30	11
2879	255	255
2880	255	255
2881	255	255
2882	255	255
2883	255	255
2884	255	255
2885	255	255
2886	40	12
2887	255	255
2888	18	17
2889	255	255
2890	255	255
2891	26	16
2892	255	255
2893	255	255
2894	27	19
2895	255	255
2896	255	255
2897	255	255
2898	25	11
2899	34	20
2900	255	255
2901	255	255
2902	255	255
2903	255	255
2904	255	255
2905	43	12
2906	255	255
2907	42	15
2908	255	255
2909	255	255
2910	255	255
2911	255	255
2912	255	255
2913	255	255
2914	255	255
2915	255	255
2916	255	255
2917	33	8
2918	255	255
2919	255	255
2920	255	255
2921	255	255
2922	255	255
2923	255	255
2924	255	255
2925	255	255
2926	255	255
2927	255	255
2928	255	255
2929	255	255
2930	255	255
2931	255	255
2932	255	255
2933	30	17
2934	255	255
2935	255	255
2936	255	255
2937	255	255
2938	255	255
2939	255	255
2940	255	255
2941	42	38
2942	255	255
2943	255	255
2944	255	255
2945	40	25
2946	255	255
2947	255	255
2948	255	255
2949	21	3
2950	255	255
2951	255	255
2952	255	255
2953	21	2
2954	255	255
2955	255	255
2956	21	0
2957	21	255
2958	255	255
2959	21	1
2960	255	255
2961	255	255
2962	255	255
2963	31	16
2964	38	22
2965	12	11
2966	255	255
2967	255	255
2968	255	255
2969	255	255
2970	255	255
2971	255	255
2972	255	255
2973	21	4
2974	43	25
2975	255	255
2976	255	255
2977	255	255
2978	255	255
2979	255	255
2980	255	255
2981	39	19
2982	255	255
2983	34	32
2984	255	255
2985	255	255
2986	255	255
2987	255	255
2988	255	255
2989	21	5
2990	255	255
2991	255	255
2992	255	255
2993	255	255
2994	22	15
2995	255	255
2996	255	255
2997	255	255
2998	255	255
2999	255	255
3000	255	255
3001	255	255
3002	255	255
3003	255	255
3004	255	255
3005	255	255
3006	255	255
3007	255	255
3008	255	255
3009	255	255
3010	255	255
3011	255	255
3012	255	255
3013	255	255
3014	255	255
3015	255	255
3016	255	255
3017	255	255
3018	255	255
3019	255	255
3020	33	24
3021	21	6
3022	255	255
3023	43	18
3024	40	18
3025	255	255
3026	32	13
3027	255	255
3028	255	255
3029	255	255
3030	255	255
3031	255	255
3032	255	255
3033	255	255
3034	255	255
3035	255	255
3036	255	255
3037	255	255
3038	17	12
3039	39	31
3040	255	255
3041	255	255
3042	255	255
3043	255	255
3044	255	255
3045	255	255
3046	255	255
3047	255	255
3048	255	255
3049	19	16
3050	255	255
3051	255	255
3052	27	26
3053	40	30
3054	255	255
3055	255	255
3056	255	255
3057	255	255
3058	43	30
3059	255	255
3060	255	255
3061	255	255
3062	255	255
3063	255	255
3064	255	255
3065	255	255
3066	33	29
3067	255	255
3068	255	255
3069	255	255
3070	255	255
3071	255	255
3072	11	10
3073	255	255
3074	255	255
3075	30	15
3076	20	3
3077	255	255
3078	255	255
3079	255	255
3080	20	2
3081	255	255
3082	39	24
3083	255	255
3084	20	255
3085	20	0
3086	20	1
3087	255	255
3088	255	255
3089	255	255
3090	255	255
3091	255	255
3092	255	255
3093	255	255
3094	255	255
3095	255	255
3096	38	18
3097	33	31
3098	255	255
3099	255	255
3100	20	4
3101	255	255
3102	255	255
3103	255	255
3104	255	255
3105	255	255
3106	255	255
3107	255	255
3108	255	255
3109	38	30
3110	255	255
3111	255	255
3112	255	255
3113	255	255
3114	255	255
3115	255	255
3116	20	5
3117	42	17
3118	255	255
3119	255	255
3120	255	255
3121	255	255
3122	255	255
3123	255	255
3124	255	255
3125	255	255
3126	255	255
3127	255	255
3128	255	255
3129	255	255
3130	255	255
3131	255	255
3132	39	29
3133	255	255
3134	18	15
3135	255	255
3136	255	255
3137	255	255
3138	255	255
3139	43	22
3140	255	255
3141	255	255
3142	24	16
3143	37	9
3144	27	8
3145	38	25
3146	255	255
3147	17	10
3148	20	6
3149	255	255
3150	255	255
3151	255	255
3152	255	255
3153	255	255
3154	255	255
3155	255	255
3156	14	9
3157	255	255
3158	255	255
3159	255	255
3160	255	255
3161	255	255
3162	255	255
3163	255	255
3164	40	22
3165	255	255
3166	255	255
3167	255	255
3168	255	255
3169	255	255
3170	255	255
3171	33	19
3172	255	255
3173	255	255
3174	42	11
3175	41	14
3176	255	255
3177	255	255
3178	255	255
3179	255	255
3180	255	255
3181	255	255
3182	255	255
3183	25	15
3184	29	16
3185	255	255
3186	255	255
3187	255	255
3188	41	37
3189	255	255
3190	255	255
3191	255	255
3192	32	7
3193	255	255
3194	255	255
3195	255	255
3196	255	255
3197	255	255
3198	255	255
3199	255	255
3200	255	255
3201	255	255
3202	255	255
3203	255	255
3204	255	255
3205	255	255
3206	255	255
3207	255	255
3208	255	255
3209	255	255
3210	255	255
3211	255	255
3212	20	7
3213	41	35
3214	38	12
3215	22	11
3216	255	255
3217	255	255
3218	255	255
3219	255	255
3220	255	255
3221	255	255
3222	255	255
3223	255	255
3224	255	255
3225	255	255
3226	255	255
3227	255	255
3228	255	255
3229	255	255
3230	255	255
3231	255	255
3232	255	255
3233	255	255
3234	255	255
3235	39	8
3236	255	255
3237	255	255
3238	255	255
3239	21	13
3240	15	12
3241	255	255
3242	43	42
3243	255	255
3244	255	255
3245	255	255
3246	255	255
3247	255	255
3248	255	255
3249	255	255
3250	255	255
3251	255	255
3252	255	255
3253	42	40
3254	255	255
3255	255	255
3256	32	6
3257	255	255
3258	255	255
3259	255	255
3260	255	255
3261	255	255
3262	35	9
3263	255	255
3264	255	255
3265	33	26
3266	255	255
3267	255	255
3268	22	17
3269	255	255
3270	255	255
3271	255	255
3272	255	255
3273	255	255
3274	255	255
3275	255	255
3276	43	10
3277	255	255
3278	255	255
3279	255	255
3280	255	255
3281	255	255
3282	34	21
3283	40	10
3284	255	255
3285	255	255
3286	255	255
3287	29	27
3288	32	5
3289	255	255
3290	41	36
3291	255	255
3292	255	255
3293	255	255
3294	255	255
3295	255	255
3296	255	255
3297	27	24
3298	255	255
3299	255	255
3300	255	255
3301	255	255
3302	255	255
3303	255	255
3304	32	4
3305	36	9
3306	255	255
3307	255	255
3308	255	255
3309	255	255
3310	255	255
3311	16	8
3312	32	3
3313	255	255
3314	255	255
3315	255	255
3316	255	255
3317	255	255
3318	255	255
3319	255	255
3320	32	255
3321	32	0
3322	32	1
3323	255	255
3324	32	2
3325	255	255
3326	255	255
3327	255	255
3328	255	255
3329	255	255
3330	255	255
3331	255	255
3332	255	255
3333	28	10
3334	25	14
3335	255	255
3336	27	6
3337	255	255
3338	255	255
3339	255	255
3340	20	8
3341	255	255
3342	41	15
3343	255	255
3344	255	255
3345	255	255
3346	255	255
3347	255	255
3348	255	255
3349	37	25
3350	255	255
3351	255	255
3352	255	255
3353	255	255
3354	255	255
3355	38	9
3356	255	255
3357	255	255
3358	23	10
3359	255	255
3360	255	255
3361	255	255
3362	255	255
3363	39	7
3364	255	255
3365	255	255
3366	255	255
3367	255	255
3368	41	38
3369	26	21
3370	255	255
3371	35	12
3372	255	255
3373	255	255
3374	255	255
3375	255	255
3376	255	255
3377	255	255
3378	255	255
3379	255	255
3380	255	255
3381	255	255
3382	255	255
3383	255	255
3384	255	255
3385	255	255
3386	34	33
3387	255	255
3388	255	255
3389	15	9
3390	255	255
3391	255	255
3392	27	3
3393	255	255
3394	255	255
3395	255	255
3396	37	18
3397	255	255
3398	255	255
3399	255	255
3400	27	255
3401	27	0
3402	27	1
3403	255	255
3404	27	2
3405	255	255
3406	255	255
3407	33	13
3408	255	255
3409	32	24
3410	255	255
3411	255	255
3412	255	255
3413	255	255
3414	255	255
3415	18	14
3416	27	4
3417	255	255
3418	255	255
3419	255	255
3420	255	255
3421	255	255
3422	255	255
3423	255	255
3424	255	255
3425	255	255
3426	255	255
3427	42	28
3428	255	255
3429	255	255
3430	255	255
3431	32	29
3432	27	5
3433	255	255
3434	30	14
3435	255	255
3436	255	255
3437	255	255
3438	255	255
3439	16	7
3440	255	255
3441	255	255
3442	255	255
3443	255	255
3444	255	255
3445	255	255
3446	255	255
3447	255	255
3448	42	23
3449	37	30
3450	255	255
3451	255	255
3452	36	12
3453	255	255
3454	255	255
3455	255	255
3456	35	30
3457	255	255
3458	255	255
3459	39	5
3460	255	255
3461	255	255
3462	255	255
3463	255	255
3464	255	255
3465	255	255
3466	28	22
3467	21	19
3468	255	255
3469	255	255
3470	255	255
3471	255	255
3472	255	255
3473	23	22
3474	255	255
3475	29	20
3476	255	255
3477	255	255
3478	255	255
3479	255	255
3480	255	255
3481	255	255
3482	255	255
3483	255	255
3484	255	255
3485	255	255
3486	255	255
3487	255	255
3488	255	255
3489	39	1
3490	39	0
3491	39	255
3492	255	255
3493	24	20
3494	255	255
3495	39	2
3496	255	255
3497	255	255
3498	255	255
3499	39	3
3500	255	255
3501	255	255
3502	255	255
3503	16	6
3504	255	255
3505	255	255
3506	255	255
3507	39	4
3508	255	255
3509	255	255
3510	255	255
3511	255	255
3512	255	255
3513	255	255
3514	255	255
3515	36	25
3516	255	255
3517	35	18
3518	255	255
3519	255	255
3520	255	255
3521	14	12
3522	255	255
3523	255	255
3524	255	255
3525	255	255
3526	255	255
3527	255	255
3528	27	7
3529	255	255
3530	255	255
3531	255	255
3532	255	255
3533	255	255
3534	255	255
3535	16	5
3536	255	255
3537	255	255
3538	37	12
3539	255	255
3540	255	255
3541	255	255
3542	255	255
3543	36	30
3544	255	255
3545	255	255
3546	255	255
3547	255	255
3548	255	255
3549	255	255
3550	255	255
3551	255	255
3552	255	255
3553	255	255
3554	255	255
3555	39	6
3556	255	255
3557	255	255
3558	255	255
3559	16	3
3560	255	255
3561	255	255
3562	36	18
3563	16	2
3564	35	25
3565	16	1
3566	16	0
3567	16	255
3568	255	255
3569	31	21
3570	255	255
3571	255	255
3572	255	255
3573	255	255
3574	255	255
3575	255	255
3576	32	8
3577	255	255
3578	255	255
3579	255	255
3580	255	255
3581	255	255
3582	255	255
3583	16	4
3584	255	255
3585	255	255
3586	255	255
3587	42	33
3588	255	255
3589	255	255
3590	19	11
3591	37	6
3592	255	255
3593	255	255
3594	255	255
3595	255	255
3596	20	9
3597	255	255
3598	255	255
3599	255	255
3600	255	255
3601	255	255
3602	255	255
3603	255	255
3604	14	6
3605	255	255
3606	255	255
3607	255	255
3608	255	255
3609	255	255
3610	27	25
3611	38	8
3612	255	255
3613	255	255
3614	255	255
3615	255	255
3616	255	255
3617	255	255
3618	255	255
3619	255	255
3620	255	255
3621	255	255
3622	255	255
3623	255	255
3624	255	255
3625	255	255
3626	255	255
3627	255	255
3628	255	255
3629	255	255
3630	255	255
3631	28	13
3632	255	255
3633	255	255
3634	255	255
3635	255	255
3636	23	13
3637	255	255
3638	39	12
3639	31	17
3640	255	255
3641	255	255
3642	255	255
3643	255	255
3644	255	255
3645	15	8
3646	35	7
3647	41	20
3648	255	255
3649	34	23
3650	255	255
3651	37	2
3652	14	4
3653	37	1
3654	37	0
3655	37	255
3656	255	255
3657	255	255
3658	255	255
3659	27	18
3660	255	255
3661	19	17
3662	255	255
3663	37	3
3664	14	2
3665	255	255
3666	255	255
3667	255	255
3668	14	255
3669	14	0
3670	14	1
3671	37	4
3672	255	255
3673	255	255
3674	34	28
3675	255	255
3676	14	3
3677	255	255
3678	255	255
3679	255	255
3680	255	255
3681	255	255
3682	255	255
3683	255	255
3684	255	255
3685	33	10
3686	255	255
3687	37	5
3688	43	26
3689	36	7
3690	255	255
3691	255	255
3692	255	255
3693	255	255
3694	255	255
3695	255	255
3696	255	255
3697	255	255
3698	255	255
3699	255	255
3700	14	5
3701	255	255
3702	30	27
3703	40	26
3704	255	255
3705	255	255
3706	16	12
3707	255	255
3708	31	11
3709	255	255
3710	255	255
3711	255	255
3712	255	255
3713	255	255
3714	255	255
3715	255	255
3716	38	29
3717	255	255
3718	255	255
3719	255	255
3720	255	255
3721	255	255
3722	255	255
3723	255	255
3724	255	255
3725	255	255
3726	255	255
3727	255	255
3728	255	255
3729	255	255
3730	255	255
3731	255	255
3732	24	15
3733	255	255
3734	255	255
3735	255	255
3736	255	255
3737	255	255
3738	255	255
3739	255	255
3740	255	255
3741	39	30
3742	35	5
3743	255	255
3744	39	18
3745	255	255
3746	29	15
3747	255	255
3748	26	11
3749	255	255
3750	255	255
3751	255	255
3752	255	255
3753	36	6
3754	255	255
3755	255	255
3756	255	255
3757	255	255
3758	35	4
3759	40	31
3760	43	31
3761	255	255
3762	38	24
3763	255	255
3764	255	255
3765	255	255
3766	35	3
3767	255	255
3768	255	255
3769	255	255
3770	35	2
3771	255	255
3772	35	1
3773	25	16
3774	35	255
3775	35	0
3776	255	255
3777	255	255
3778	255	255
3779	255	255
3780	255	255
3781	255	255
3782	255	255
3783	37	7
3784	255	255
3785	36	5
3786	43	19
3787	41	32
3788	255	255
3789	255	255
3790	255	255
3791	255	255
3792	255	255
3793	30	16
3794	255	255
3795	255	255
3796	14	7
3797	40	19
3798	255	255
3799	255	255
3800	255	255
3801	255	255
3802	255	255
3803	255	255
3804	255	255
3805	27	12
3806	255	255
3807	255	255
3808	255	255
3809	36	3
3810	255	255
3811	255	255
3812	255	255
3813	255	255
3814	255	255
3815	255	255
3816	36	0
3817	36	255
3818	33	22
3819	36	1
3820	18	16
3821	36	2
3822	255	255
3823	26	17
3824	255	255
3825	39	25
3826	255	255
3827	255	255
3828	255	255
3829	255	255
3830	255	255
3831	255	255
3832	32	9
3833	36	4
3834	255	255
3835	255	255
3836	255	255
3837	255	255
3838	35	6
3839	255	255
3840	255	255
3841	255	255
3842	22	21
3843	28	19
3844	255	255
3845	255	255
3846	255	255
3847	255	255
3848	255	255
3849	255	255
3850	255	255
3851	38	4
3852	255	255
3853	255	255
3854	255	255
3855	20	18
3856	255	255
3857	255	255
3858	255	255
3859	38	3
3860	34	17
3861	255	255
3862	255	255
3863	35	24
3864	23	19
3865	38	1
3866	38	0
3867	38	255
3868	255	255
3869	15	5
3870	255	255
3871	38	2
3872	255	255
3873	35	29
3874	255	255
3875	255	255
3876	255	255
3877	255	255
3878	255	255
3879	255	255
3880	255	255
3881	255	255
3882	13	11
3883	255	255
3884	255	255
3885	15	4
3886	255	255
3887	255	255
3888	255	255
3889	255	255
3890	30	20
3891	255	255
3892	255	255
3893	15	3
3894	255	255
3895	255	255
3896	255	255
3897	15	2
3898	255	255
3899	38	5
3900	15	0
3901	15	255
3902	255	255
3903	15	1
3904	36	24
3905	255	255
3906	255	255
3907	255	255
3908	255	255
3909	255	255
3910	255	255
3911	37	8
3912	27	9
3913	255	255
3914	255	255
3915	255	255
3916	255	255
3917	255	255
3918	255	255
3919	255	255
3920	255	255
3921	255	255
3922	255	255
3923	255	255
3924	14	8
3925	255	255
3926	255	255
3927	255	255
3928	255	255
3929	255	255
3930	255	255
3931	38	6
3932	255	255
3933	255	255
3934	25	20
3935	34	11
3936	255	255
3937	17	13
3938	31	23
3939	255	255
3940	255	255
3941	255	255
3942	255	255
3943	255	255
3944	255	255
3945	255	255
3946	255	255
3947	255	255
3948	255	255
3949	32	12
3950	255	255
3951	255	255
3952	255	255
3953	255	255
3954	255	255
3955	255	255
3956	255	255
3957	255	255
3958	36	29
3959	255	255
3960	255	255
3961	31	28
3962	255	255
3963	41	27
3964	255	255
3965	15	6
3966	255	255
3967	255	255
3968	255	255
3969	255	255
3970	255	255
3971	255	255
3972	255	255
3973	255	255
3974	255	255
3975	255	255
3976	255	255
3977	255	255
3978	255	255
3979	255	255
3980	40	34
3981	21	10
3982	255	255
3983	255	255
3984	41	39
3985	255	255
3986	255	255
3987	43	34
3988	255	255
3989	255	255
3990	255	255
3991	255	255
3992	255	255
3993	20	12
3994	255	255
3995	38	7
3996	255	255
3997	255	255
3998	255	255
3999	255	255
4000	255	255
4001	28	26
4002	255	255
4003	39	9
4004	255	255
4005	255	255
4006	255	255
4007	255	255
4008	255	255
4009	255	255
4010	32	25
4011	255	255
4012	255	255
4013	255	255
4014	255	255
4015	255	255
4016	255	255
4017	255	255
4018	255	255
4019	255	255
4020	255	255
4021	255	255
4022	255	255
4023	255	255
4024	255	255
4025	255	255
4026	26	23
4027	255	255
4028	255	255
4029	15	7
4030	35	8
4031	255	255
4032	255	255
4033	255	255
4034	255	255
4035	255	255
4036	255	255
4037	255	255
4038	32	30
4039	255	255
4040	255	255
4041	255	255
4042	255	255
4043	29	14
4044	255	255
4045	255	255
4046	255	255
4047	255	255
4048	255	255
4049	255	255
4050	255	255
4051	255	255
4052	255	255
4053	255	255
4054	255	255
4055	255	255
4056	37	29
4057	255	255
4058	255	255
4059	255	255
4060	41	16
4061	255	255
4062	255	255
4063	255	255
4064	255	255
4065	255	255
4066	255	255
4067	255	255
4068	255	255
4069	255	255
4070	43	13
4071	255	255
4072	255	255
4073	36	8
4074	255	255
4075	42	21
4076	255	255
4077	255	255
4078	37	24
4079	16	9
4080	255	255
4081	255	255
4082	255	255
4083	255	255
4084	255	255
4085	255	255
4086	255	255
4087	255	255
4088	255	255
4089	40	13
4090	255	255
4091	32	18
4092	255	255
4093	24	14
4094	255	255
4095	255	255
