Loc	XOR	
00000000000000000000000000000000000000000001	000000000001	
00000000000000000000000000000000000000000010	000000000010	
00000000000000000000000000000000000000000100	000000000100	
00000000000000000000000000000000000000001000	000000001000	
00000000000000000000000000000000000000010000	000000010000	
00000000000000000000000000000000000000100000	000000100000	
00000000000000000000000000000000000001000000	000001000000	
00000000000000000000000000000000000010000000	000010000000	
00000000000000000000000000000000000100000000	000100000000	
00000000000000000000000000000000001000000000	001000000000	
00000000000000000000000000000000010000000000	010000000000	
00000000000000000000000000000000100000000000	100000000000	
00000000000000000000000000000001000000000000	001110010101	
00000000000000000000000000000010000000000000	011100101010	
00000000000000000000000000000100000000000000	111001010100	
00000000000000000000000000001000000000000000	111100111101	
00000000000000000000000000010000000000000000	110111101111	
00000000000000000000000000100000000000000000	100001001011	
00000000000000000000000001000000000000000000	001100000011	
00000000000000000000000010000000000000000000	011000000110	
00000000000000000000000100000000000000000000	110000001100	
00000000000000000000001000000000000000000000	101110001101	
00000000000000000000010000000000000000000000	010010001111	
00000000000000000000100000000000000000000000	100100011110	
00000000000000000001000000000000000000000000	000110101001	
00000000000000000010000000000000000000000000	001101010010	
00000000000000000100000000000000000000000000	011010100100	
00000000000000001000000000000000000000000000	110101001000	
00000000000000010000000000000000000000000000	100100000101	
00000000000000100000000000000000000000000000	000110011111	
00000000000001000000000000000000000000000000	001100111110	
00000000000010000000000000000000000000000000	011001111100	
00000000000100000000000000000000000000000000	110011111000	
00000000001000000000000000000000000000000000	101001100101	
00000000010000000000000000000000000000000000	011101011111	
00000000100000000000000000000000000000000000	111010111110	
00000001000000000000000000000000000000000000	111011101001	
00000010000000000000000000000000000000000000	111001000111	
00000100000000000000000000000000000000000000	111100011011	
00001000000000000000000000000000000000000000	110110100011	
00010000000000000000000000000000000000000000	100011010011	
00100000000000000000000000000000000000000000	001000110011	
01000000000000000000000000000000000000000000	010001100110	
10000000000000000000000000000000000000000000	100011001100	
00000000000000000000000000000000000000000011	000000000011	
00000000000000000000000000000000000000000101	000000000101	
00000000000000000000000000000000000000001001	000000001001	
00000000000000000000000000000000000000010001	000000010001	
00000000000000000000000000000000000000100001	000000100001	
00000000000000000000000000000000000001000001	000001000001	
00000000000000000000000000000000000010000001	000010000001	
00000000000000000000000000000000000100000001	000100000001	
00000000000000000000000000000000001000000001	001000000001	
00000000000000000000000000000000010000000001	010000000001	
00000000000000000000000000000000100000000001	100000000001	
00000000000000000000000000000001000000000001	001110010100	
00000000000000000000000000000010000000000001	011100101011	
00000000000000000000000000000100000000000001	111001010101	
00000000000000000000000000001000000000000001	111100111100	
00000000000000000000000000010000000000000001	110111101110	
00000000000000000000000000100000000000000001	100001001010	
00000000000000000000000001000000000000000001	001100000010	
00000000000000000000000010000000000000000001	011000000111	
00000000000000000000000100000000000000000001	110000001101	
00000000000000000000001000000000000000000001	101110001100	
00000000000000000000010000000000000000000001	010010001110	
00000000000000000000100000000000000000000001	100100011111	
00000000000000000001000000000000000000000001	000110101000	
00000000000000000010000000000000000000000001	001101010011	
00000000000000000100000000000000000000000001	011010100101	
00000000000000001000000000000000000000000001	110101001001	
00000000000000010000000000000000000000000001	100100000100	
00000000000000100000000000000000000000000001	000110011110	
00000000000001000000000000000000000000000001	001100111111	
00000000000010000000000000000000000000000001	011001111101	
00000000000100000000000000000000000000000001	110011111001	
00000000001000000000000000000000000000000001	101001100100	
00000000010000000000000000000000000000000001	011101011110	
00000000100000000000000000000000000000000001	111010111111	
00000001000000000000000000000000000000000001	111011101000	
00000010000000000000000000000000000000000001	111001000110	
00000100000000000000000000000000000000000001	111100011010	
00001000000000000000000000000000000000000001	110110100010	
00010000000000000000000000000000000000000001	100011010010	
00100000000000000000000000000000000000000001	001000110010	
01000000000000000000000000000000000000000001	010001100111	
10000000000000000000000000000000000000000001	100011001101	
00000000000000000000000000000000000000000110	000000000110	
00000000000000000000000000000000000000001010	000000001010	
00000000000000000000000000000000000000010010	000000010010	
00000000000000000000000000000000000000100010	000000100010	
00000000000000000000000000000000000001000010	000001000010	
00000000000000000000000000000000000010000010	000010000010	
00000000000000000000000000000000000100000010	000100000010	
00000000000000000000000000000000001000000010	001000000010	
00000000000000000000000000000000010000000010	010000000010	
00000000000000000000000000000000100000000010	100000000010	
00000000000000000000000000000001000000000010	001110010111	
00000000000000000000000000000010000000000010	011100101000	
00000000000000000000000000000100000000000010	111001010110	
00000000000000000000000000001000000000000010	111100111111	
00000000000000000000000000010000000000000010	110111101101	
00000000000000000000000000100000000000000010	100001001001	
00000000000000000000000001000000000000000010	001100000001	
00000000000000000000000010000000000000000010	011000000100	
00000000000000000000000100000000000000000010	110000001110	
00000000000000000000001000000000000000000010	101110001111	
00000000000000000000010000000000000000000010	010010001101	
00000000000000000000100000000000000000000010	100100011100	
00000000000000000001000000000000000000000010	000110101011	
00000000000000000010000000000000000000000010	001101010000	
00000000000000000100000000000000000000000010	011010100110	
00000000000000001000000000000000000000000010	110101001010	
00000000000000010000000000000000000000000010	100100000111	
00000000000000100000000000000000000000000010	000110011101	
00000000000001000000000000000000000000000010	001100111100	
00000000000010000000000000000000000000000010	011001111110	
00000000000100000000000000000000000000000010	110011111010	
00000000001000000000000000000000000000000010	101001100111	
00000000010000000000000000000000000000000010	011101011101	
00000000100000000000000000000000000000000010	111010111100	
00000001000000000000000000000000000000000010	111011101011	
00000010000000000000000000000000000000000010	111001000101	
00000100000000000000000000000000000000000010	111100011001	
00001000000000000000000000000000000000000010	110110100001	
00010000000000000000000000000000000000000010	100011010001	
00100000000000000000000000000000000000000010	001000110001	
01000000000000000000000000000000000000000010	010001100100	
10000000000000000000000000000000000000000010	100011001110	
00000000000000000000000000000000000000001100	000000001100	
00000000000000000000000000000000000000010100	000000010100	
00000000000000000000000000000000000000100100	000000100100	
00000000000000000000000000000000000001000100	000001000100	
00000000000000000000000000000000000010000100	000010000100	
00000000000000000000000000000000000100000100	000100000100	
00000000000000000000000000000000001000000100	001000000100	
00000000000000000000000000000000010000000100	010000000100	
00000000000000000000000000000000100000000100	100000000100	
00000000000000000000000000000001000000000100	001110010001	
00000000000000000000000000000010000000000100	011100101110	
00000000000000000000000000000100000000000100	111001010000	
00000000000000000000000000001000000000000100	111100111001	
00000000000000000000000000010000000000000100	110111101011	
00000000000000000000000000100000000000000100	100001001111	
00000000000000000000000001000000000000000100	001100000111	
00000000000000000000000010000000000000000100	011000000010	
00000000000000000000000100000000000000000100	110000001000	
00000000000000000000001000000000000000000100	101110001001	
00000000000000000000010000000000000000000100	010010001011	
00000000000000000000100000000000000000000100	100100011010	
00000000000000000001000000000000000000000100	000110101101	
00000000000000000010000000000000000000000100	001101010110	
00000000000000000100000000000000000000000100	011010100000	
00000000000000001000000000000000000000000100	110101001100	
00000000000000010000000000000000000000000100	100100000001	
00000000000000100000000000000000000000000100	000110011011	
00000000000001000000000000000000000000000100	001100111010	
00000000000010000000000000000000000000000100	011001111000	
00000000000100000000000000000000000000000100	110011111100	
00000000001000000000000000000000000000000100	101001100001	
00000000010000000000000000000000000000000100	011101011011	
00000000100000000000000000000000000000000100	111010111010	
00000001000000000000000000000000000000000100	111011101101	
00000010000000000000000000000000000000000100	111001000011	
00000100000000000000000000000000000000000100	111100011111	
00001000000000000000000000000000000000000100	110110100111	
00010000000000000000000000000000000000000100	100011010111	
00100000000000000000000000000000000000000100	001000110111	
01000000000000000000000000000000000000000100	010001100010	
10000000000000000000000000000000000000000100	100011001000	
00000000000000000000000000000000000000011000	000000011000	
00000000000000000000000000000000000000101000	000000101000	
00000000000000000000000000000000000001001000	000001001000	
00000000000000000000000000000000000010001000	000010001000	
00000000000000000000000000000000000100001000	000100001000	
00000000000000000000000000000000001000001000	001000001000	
00000000000000000000000000000000010000001000	010000001000	
00000000000000000000000000000000100000001000	100000001000	
00000000000000000000000000000001000000001000	001110011101	
00000000000000000000000000000010000000001000	011100100010	
00000000000000000000000000000100000000001000	111001011100	
00000000000000000000000000001000000000001000	111100110101	
00000000000000000000000000010000000000001000	110111100111	
00000000000000000000000000100000000000001000	100001000011	
00000000000000000000000001000000000000001000	001100001011	
00000000000000000000000010000000000000001000	011000001110	
00000000000000000000000100000000000000001000	110000000100	
00000000000000000000001000000000000000001000	101110000101	
00000000000000000000010000000000000000001000	010010000111	
00000000000000000000100000000000000000001000	100100010110	
00000000000000000001000000000000000000001000	000110100001	
00000000000000000010000000000000000000001000	001101011010	
00000000000000000100000000000000000000001000	011010101100	
00000000000000001000000000000000000000001000	110101000000	
00000000000000010000000000000000000000001000	100100001101	
00000000000000100000000000000000000000001000	000110010111	
00000000000001000000000000000000000000001000	001100110110	
00000000000010000000000000000000000000001000	011001110100	
00000000000100000000000000000000000000001000	110011110000	
00000000001000000000000000000000000000001000	101001101101	
00000000010000000000000000000000000000001000	011101010111	
00000000100000000000000000000000000000001000	111010110110	
00000001000000000000000000000000000000001000	111011100001	
00000010000000000000000000000000000000001000	111001001111	
00000100000000000000000000000000000000001000	111100010011	
00001000000000000000000000000000000000001000	110110101011	
00010000000000000000000000000000000000001000	100011011011	
00100000000000000000000000000000000000001000	001000111011	
01000000000000000000000000000000000000001000	010001101110	
10000000000000000000000000000000000000001000	100011000100	
00000000000000000000000000000000000000110000	000000110000	
00000000000000000000000000000000000001010000	000001010000	
00000000000000000000000000000000000010010000	000010010000	
00000000000000000000000000000000000100010000	000100010000	
00000000000000000000000000000000001000010000	001000010000	
00000000000000000000000000000000010000010000	010000010000	
00000000000000000000000000000000100000010000	100000010000	
00000000000000000000000000000001000000010000	001110000101	
00000000000000000000000000000010000000010000	011100111010	
00000000000000000000000000000100000000010000	111001000100	
00000000000000000000000000001000000000010000	111100101101	
00000000000000000000000000010000000000010000	110111111111	
00000000000000000000000000100000000000010000	100001011011	
00000000000000000000000001000000000000010000	001100010011	
00000000000000000000000010000000000000010000	011000010110	
00000000000000000000000100000000000000010000	110000011100	
00000000000000000000001000000000000000010000	101110011101	
00000000000000000000010000000000000000010000	010010011111	
00000000000000000000100000000000000000010000	100100001110	
00000000000000000001000000000000000000010000	000110111001	
00000000000000000010000000000000000000010000	001101000010	
00000000000000000100000000000000000000010000	011010110100	
00000000000000001000000000000000000000010000	110101011000	
00000000000000010000000000000000000000010000	100100010101	
00000000000000100000000000000000000000010000	000110001111	
00000000000001000000000000000000000000010000	001100101110	
00000000000010000000000000000000000000010000	011001101100	
00000000000100000000000000000000000000010000	110011101000	
00000000001000000000000000000000000000010000	101001110101	
00000000010000000000000000000000000000010000	011101001111	
00000000100000000000000000000000000000010000	111010101110	
00000001000000000000000000000000000000010000	111011111001	
00000010000000000000000000000000000000010000	111001010111	
00000100000000000000000000000000000000010000	111100001011	
00001000000000000000000000000000000000010000	110110110011	
00010000000000000000000000000000000000010000	100011000011	
00100000000000000000000000000000000000010000	001000100011	
01000000000000000000000000000000000000010000	010001110110	
10000000000000000000000000000000000000010000	100011011100	
00000000000000000000000000000000000001100000	000001100000	
00000000000000000000000000000000000010100000	000010100000	
00000000000000000000000000000000000100100000	000100100000	
00000000000000000000000000000000001000100000	001000100000	
00000000000000000000000000000000010000100000	010000100000	
00000000000000000000000000000000100000100000	100000100000	
00000000000000000000000000000001000000100000	001110110101	
00000000000000000000000000000010000000100000	011100001010	
00000000000000000000000000000100000000100000	111001110100	
00000000000000000000000000001000000000100000	111100011101	
00000000000000000000000000010000000000100000	110111001111	
00000000000000000000000000100000000000100000	100001101011	
00000000000000000000000001000000000000100000	001100100011	
00000000000000000000000010000000000000100000	011000100110	
00000000000000000000000100000000000000100000	110000101100	
00000000000000000000001000000000000000100000	101110101101	
00000000000000000000010000000000000000100000	010010101111	
00000000000000000000100000000000000000100000	100100111110	
00000000000000000001000000000000000000100000	000110001001	
00000000000000000010000000000000000000100000	001101110010	
00000000000000000100000000000000000000100000	011010000100	
00000000000000001000000000000000000000100000	110101101000	
00000000000000010000000000000000000000100000	100100100101	
00000000000000100000000000000000000000100000	000110111111	
00000000000001000000000000000000000000100000	001100011110	
00000000000010000000000000000000000000100000	011001011100	
00000000000100000000000000000000000000100000	110011011000	
00000000001000000000000000000000000000100000	101001000101	
00000000010000000000000000000000000000100000	011101111111	
00000000100000000000000000000000000000100000	111010011110	
00000001000000000000000000000000000000100000	111011001001	
00000010000000000000000000000000000000100000	111001100111	
00000100000000000000000000000000000000100000	111100111011	
00001000000000000000000000000000000000100000	110110000011	
00010000000000000000000000000000000000100000	100011110011	
00100000000000000000000000000000000000100000	001000010011	
01000000000000000000000000000000000000100000	010001000110	
10000000000000000000000000000000000000100000	100011101100	
00000000000000000000000000000000000011000000	000011000000	
00000000000000000000000000000000000101000000	000101000000	
00000000000000000000000000000000001001000000	001001000000	
00000000000000000000000000000000010001000000	010001000000	
00000000000000000000000000000000100001000000	100001000000	
00000000000000000000000000000001000001000000	001111010101	
00000000000000000000000000000010000001000000	011101101010	
00000000000000000000000000000100000001000000	111000010100	
00000000000000000000000000001000000001000000	111101111101	
00000000000000000000000000010000000001000000	110110101111	
00000000000000000000000000100000000001000000	100000001011	
00000000000000000000000001000000000001000000	001101000011	
00000000000000000000000010000000000001000000	011001000110	
00000000000000000000000100000000000001000000	110001001100	
00000000000000000000001000000000000001000000	101111001101	
00000000000000000000010000000000000001000000	010011001111	
00000000000000000000100000000000000001000000	100101011110	
00000000000000000001000000000000000001000000	000111101001	
00000000000000000010000000000000000001000000	001100010010	
00000000000000000100000000000000000001000000	011011100100	
00000000000000001000000000000000000001000000	110100001000	
00000000000000010000000000000000000001000000	100101000101	
00000000000000100000000000000000000001000000	000111011111	
00000000000001000000000000000000000001000000	001101111110	
00000000000010000000000000000000000001000000	011000111100	
00000000000100000000000000000000000001000000	110010111000	
00000000001000000000000000000000000001000000	101000100101	
00000000010000000000000000000000000001000000	011100011111	
00000000100000000000000000000000000001000000	111011111110	
00000001000000000000000000000000000001000000	111010101001	
00000010000000000000000000000000000001000000	111000000111	
00000100000000000000000000000000000001000000	111101011011	
00001000000000000000000000000000000001000000	110111100011	
00010000000000000000000000000000000001000000	100010010011	
00100000000000000000000000000000000001000000	001001110011	
01000000000000000000000000000000000001000000	010000100110	
10000000000000000000000000000000000001000000	100010001100	
00000000000000000000000000000000000110000000	000110000000	
00000000000000000000000000000000001010000000	001010000000	
00000000000000000000000000000000010010000000	010010000000	
00000000000000000000000000000000100010000000	100010000000	
00000000000000000000000000000001000010000000	001100010101	
00000000000000000000000000000010000010000000	011110101010	
00000000000000000000000000000100000010000000	111011010100	
00000000000000000000000000001000000010000000	111110111101	
00000000000000000000000000010000000010000000	110101101111	
00000000000000000000000000100000000010000000	100011001011	
00000000000000000000000001000000000010000000	001110000011	
00000000000000000000000010000000000010000000	011010000110	
00000000000000000000000100000000000010000000	110010001100	
00000000000000000000001000000000000010000000	101100001101	
00000000000000000000010000000000000010000000	010000001111	
00000000000000000000100000000000000010000000	100110011110	
00000000000000000001000000000000000010000000	000100101001	
00000000000000000010000000000000000010000000	001111010010	
00000000000000000100000000000000000010000000	011000100100	
00000000000000001000000000000000000010000000	110111001000	
00000000000000010000000000000000000010000000	100110000101	
00000000000000100000000000000000000010000000	000100011111	
00000000000001000000000000000000000010000000	001110111110	
00000000000010000000000000000000000010000000	011011111100	
00000000000100000000000000000000000010000000	110001111000	
00000000001000000000000000000000000010000000	101011100101	
00000000010000000000000000000000000010000000	011111011111	
00000000100000000000000000000000000010000000	111000111110	
00000001000000000000000000000000000010000000	111001101001	
00000010000000000000000000000000000010000000	111011000111	
00000100000000000000000000000000000010000000	111110011011	
00001000000000000000000000000000000010000000	110100100011	
00010000000000000000000000000000000010000000	100001010011	
00100000000000000000000000000000000010000000	001010110011	
01000000000000000000000000000000000010000000	010011100110	
10000000000000000000000000000000000010000000	100001001100	
00000000000000000000000000000000001100000000	001100000000	
00000000000000000000000000000000010100000000	010100000000	
00000000000000000000000000000000100100000000	100100000000	
00000000000000000000000000000001000100000000	001010010101	
00000000000000000000000000000010000100000000	011000101010	
00000000000000000000000000000100000100000000	111101010100	
00000000000000000000000000001000000100000000	111000111101	
00000000000000000000000000010000000100000000	110011101111	
00000000000000000000000000100000000100000000	100101001011	
00000000000000000000000001000000000100000000	001000000011	
00000000000000000000000010000000000100000000	011100000110	
00000000000000000000000100000000000100000000	110100001100	
00000000000000000000001000000000000100000000	101010001101	
00000000000000000000010000000000000100000000	010110001111	
00000000000000000000100000000000000100000000	100000011110	
00000000000000000001000000000000000100000000	000010101001	
00000000000000000010000000000000000100000000	001001010010	
00000000000000000100000000000000000100000000	011110100100	
00000000000000001000000000000000000100000000	110001001000	
00000000000000010000000000000000000100000000	100000000101	
00000000000000100000000000000000000100000000	000010011111	
00000000000001000000000000000000000100000000	001000111110	
00000000000010000000000000000000000100000000	011101111100	
00000000000100000000000000000000000100000000	110111111000	
00000000001000000000000000000000000100000000	101101100101	
00000000010000000000000000000000000100000000	011001011111	
00000000100000000000000000000000000100000000	111110111110	
00000001000000000000000000000000000100000000	111111101001	
00000010000000000000000000000000000100000000	111101000111	
00000100000000000000000000000000000100000000	111000011011	
00001000000000000000000000000000000100000000	110010100011	
00010000000000000000000000000000000100000000	100111010011	
00100000000000000000000000000000000100000000	001100110011	
01000000000000000000000000000000000100000000	010101100110	
10000000000000000000000000000000000100000000	100111001100	
00000000000000000000000000000000011000000000	011000000000	
00000000000000000000000000000000101000000000	101000000000	
00000000000000000000000000000001001000000000	000110010101	
00000000000000000000000000000010001000000000	010100101010	
00000000000000000000000000000100001000000000	110001010100	
00000000000000000000000000001000001000000000	110100111101	
00000000000000000000000000010000001000000000	111111101111	
00000000000000000000000000100000001000000000	101001001011	
00000000000000000000000001000000001000000000	000100000011	
00000000000000000000000010000000001000000000	010000000110	
00000000000000000000000100000000001000000000	111000001100	
00000000000000000000001000000000001000000000	100110001101	
00000000000000000000010000000000001000000000	011010001111	
00000000000000000000100000000000001000000000	101100011110	
00000000000000000001000000000000001000000000	001110101001	
00000000000000000010000000000000001000000000	000101010010	
00000000000000000100000000000000001000000000	010010100100	
00000000000000001000000000000000001000000000	111101001000	
00000000000000010000000000000000001000000000	101100000101	
00000000000000100000000000000000001000000000	001110011111	
00000000000001000000000000000000001000000000	000100111110	
00000000000010000000000000000000001000000000	010001111100	
00000000000100000000000000000000001000000000	111011111000	
00000000001000000000000000000000001000000000	100001100101	
00000000010000000000000000000000001000000000	010101011111	
00000000100000000000000000000000001000000000	110010111110	
00000001000000000000000000000000001000000000	110011101001	
00000010000000000000000000000000001000000000	110001000111	
00000100000000000000000000000000001000000000	110100011011	
00001000000000000000000000000000001000000000	111110100011	
00010000000000000000000000000000001000000000	101011010011	
00100000000000000000000000000000001000000000	000000110011	
01000000000000000000000000000000001000000000	011001100110	
10000000000000000000000000000000001000000000	101011001100	
00000000000000000000000000000000110000000000	110000000000	
00000000000000000000000000000001010000000000	011110010101	
00000000000000000000000000000010010000000000	001100101010	
00000000000000000000000000000100010000000000	101001010100	
00000000000000000000000000001000010000000000	101100111101	
00000000000000000000000000010000010000000000	100111101111	
00000000000000000000000000100000010000000000	110001001011	
00000000000000000000000001000000010000000000	011100000011	
00000000000000000000000010000000010000000000	001000000110	
00000000000000000000000100000000010000000000	100000001100	
00000000000000000000001000000000010000000000	111110001101	
00000000000000000000010000000000010000000000	000010001111	
00000000000000000000100000000000010000000000	110100011110	
00000000000000000001000000000000010000000000	010110101001	
00000000000000000010000000000000010000000000	011101010010	
00000000000000000100000000000000010000000000	001010100100	
00000000000000001000000000000000010000000000	100101001000	
00000000000000010000000000000000010000000000	110100000101	
00000000000000100000000000000000010000000000	010110011111	
00000000000001000000000000000000010000000000	011100111110	
00000000000010000000000000000000010000000000	001001111100	
00000000000100000000000000000000010000000000	100011111000	
00000000001000000000000000000000010000000000	111001100101	
00000000010000000000000000000000010000000000	001101011111	
00000000100000000000000000000000010000000000	101010111110	
00000001000000000000000000000000010000000000	101011101001	
00000010000000000000000000000000010000000000	101001000111	
00000100000000000000000000000000010000000000	101100011011	
00001000000000000000000000000000010000000000	100110100011	
00010000000000000000000000000000010000000000	110011010011	
00100000000000000000000000000000010000000000	011000110011	
01000000000000000000000000000000010000000000	000001100110	
10000000000000000000000000000000010000000000	110011001100	
00000000000000000000000000000001100000000000	101110010101	
00000000000000000000000000000010100000000000	111100101010	
00000000000000000000000000000100100000000000	011001010100	
00000000000000000000000000001000100000000000	011100111101	
00000000000000000000000000010000100000000000	010111101111	
00000000000000000000000000100000100000000000	000001001011	
00000000000000000000000001000000100000000000	101100000011	
00000000000000000000000010000000100000000000	111000000110	
00000000000000000000000100000000100000000000	010000001100	
00000000000000000000001000000000100000000000	001110001101	
00000000000000000000010000000000100000000000	110010001111	
00000000000000000000100000000000100000000000	000100011110	
00000000000000000001000000000000100000000000	100110101001	
00000000000000000010000000000000100000000000	101101010010	
00000000000000000100000000000000100000000000	111010100100	
00000000000000001000000000000000100000000000	010101001000	
00000000000000010000000000000000100000000000	000100000101	
00000000000000100000000000000000100000000000	100110011111	
00000000000001000000000000000000100000000000	101100111110	
00000000000010000000000000000000100000000000	111001111100	
00000000000100000000000000000000100000000000	010011111000	
00000000001000000000000000000000100000000000	001001100101	
00000000010000000000000000000000100000000000	111101011111	
00000000100000000000000000000000100000000000	011010111110	
00000001000000000000000000000000100000000000	011011101001	
00000010000000000000000000000000100000000000	011001000111	
00000100000000000000000000000000100000000000	011100011011	
00001000000000000000000000000000100000000000	010110100011	
00010000000000000000000000000000100000000000	000011010011	
00100000000000000000000000000000100000000000	101000110011	
01000000000000000000000000000000100000000000	110001100110	
10000000000000000000000000000000100000000000	000011001100	
00000000000000000000000000000011000000000000	010010111111	
00000000000000000000000000000101000000000000	110111000001	
00000000000000000000000000001001000000000000	110010101000	
00000000000000000000000000010001000000000000	111001111010	
00000000000000000000000000100001000000000000	101111011110	
00000000000000000000000001000001000000000000	000010010110	
00000000000000000000000010000001000000000000	010110010011	
00000000000000000000000100000001000000000000	111110011001	
00000000000000000000001000000001000000000000	100000011000	
00000000000000000000010000000001000000000000	011100011010	
00000000000000000000100000000001000000000000	101010001011	
00000000000000000001000000000001000000000000	001000111100	
00000000000000000010000000000001000000000000	000011000111	
00000000000000000100000000000001000000000000	010100110001	
00000000000000001000000000000001000000000000	111011011101	
00000000000000010000000000000001000000000000	101010010000	
00000000000000100000000000000001000000000000	001000001010	
00000000000001000000000000000001000000000000	000010101011	
00000000000010000000000000000001000000000000	010111101001	
00000000000100000000000000000001000000000000	111101101101	
00000000001000000000000000000001000000000000	100111110000	
00000000010000000000000000000001000000000000	010011001010	
00000000100000000000000000000001000000000000	110100101011	
00000001000000000000000000000001000000000000	110101111100	
00000010000000000000000000000001000000000000	110111010010	
00000100000000000000000000000001000000000000	110010001110	
00001000000000000000000000000001000000000000	111000110110	
00010000000000000000000000000001000000000000	101101000110	
00100000000000000000000000000001000000000000	000110100110	
01000000000000000000000000000001000000000000	011111110011	
10000000000000000000000000000001000000000000	101101011001	
00000000000000000000000000000110000000000000	100101111110	
00000000000000000000000000001010000000000000	100000010111	
00000000000000000000000000010010000000000000	101011000101	
00000000000000000000000000100010000000000000	111101100001	
00000000000000000000000001000010000000000000	010000101001	
00000000000000000000000010000010000000000000	000100101100	
00000000000000000000000100000010000000000000	101100100110	
00000000000000000000001000000010000000000000	110010100111	
00000000000000000000010000000010000000000000	001110100101	
00000000000000000000100000000010000000000000	111000110100	
00000000000000000001000000000010000000000000	011010000011	
00000000000000000010000000000010000000000000	010001111000	
00000000000000000100000000000010000000000000	000110001110	
00000000000000001000000000000010000000000000	101001100010	
00000000000000010000000000000010000000000000	111000101111	
00000000000000100000000000000010000000000000	011010110101	
00000000000001000000000000000010000000000000	010000010100	
00000000000010000000000000000010000000000000	000101010110	
00000000000100000000000000000010000000000000	101111010010	
00000000001000000000000000000010000000000000	110101001111	
00000000010000000000000000000010000000000000	000001110101	
00000000100000000000000000000010000000000000	100110010100	
00000001000000000000000000000010000000000000	100111000011	
00000010000000000000000000000010000000000000	100101101101	
00000100000000000000000000000010000000000000	100000110001	
00001000000000000000000000000010000000000000	101010001001	
00010000000000000000000000000010000000000000	111111111001	
00100000000000000000000000000010000000000000	010100011001	
01000000000000000000000000000010000000000000	001101001100	
10000000000000000000000000000010000000000000	111111100110	
00000000000000000000000000001100000000000000	000101101001	
00000000000000000000000000010100000000000000	001110111011	
00000000000000000000000000100100000000000000	011000011111	
00000000000000000000000001000100000000000000	110101010111	
00000000000000000000000010000100000000000000	100001010010	
00000000000000000000000100000100000000000000	001001011000	
00000000000000000000001000000100000000000000	010111011001	
00000000000000000000010000000100000000000000	101011011011	
00000000000000000000100000000100000000000000	011101001010	
00000000000000000001000000000100000000000000	111111111101	
00000000000000000010000000000100000000000000	110100000110	
00000000000000000100000000000100000000000000	100011110000	
00000000000000001000000000000100000000000000	001100011100	
00000000000000010000000000000100000000000000	011101010001	
00000000000000100000000000000100000000000000	111111001011	
00000000000001000000000000000100000000000000	110101101010	
00000000000010000000000000000100000000000000	100000101000	
00000000000100000000000000000100000000000000	001010101100	
00000000001000000000000000000100000000000000	010000110001	
00000000010000000000000000000100000000000000	100100001011	
00000000100000000000000000000100000000000000	000011101010	
00000001000000000000000000000100000000000000	000010111101	
00000010000000000000000000000100000000000000	000000010011	
00000100000000000000000000000100000000000000	000101001111	
00001000000000000000000000000100000000000000	001111110111	
00010000000000000000000000000100000000000000	011010000111	
00100000000000000000000000000100000000000000	110001100111	
01000000000000000000000000000100000000000000	101000110010	
10000000000000000000000000000100000000000000	011010011000	
00000000000000000000000000011000000000000000	001011010010	
00000000000000000000000000101000000000000000	011101110110	
00000000000000000000000001001000000000000000	110000111110	
00000000000000000000000010001000000000000000	100100111011	
00000000000000000000000100001000000000000000	001100110001	
00000000000000000000001000001000000000000000	010010110000	
00000000000000000000010000001000000000000000	101110110010	
00000000000000000000100000001000000000000000	011000100011	
00000000000000000001000000001000000000000000	111010010100	
00000000000000000010000000001000000000000000	110001101111	
00000000000000000100000000001000000000000000	100110011001	
00000000000000001000000000001000000000000000	001001110101	
00000000000000010000000000001000000000000000	011000111000	
00000000000000100000000000001000000000000000	111010100010	
00000000000001000000000000001000000000000000	110000000011	
00000000000010000000000000001000000000000000	100101000001	
00000000000100000000000000001000000000000000	001111000101	
00000000001000000000000000001000000000000000	010101011000	
00000000010000000000000000001000000000000000	100001100010	
00000000100000000000000000001000000000000000	000110000011	
00000001000000000000000000001000000000000000	000111010100	
00000010000000000000000000001000000000000000	000101111010	
00000100000000000000000000001000000000000000	000000100110	
00001000000000000000000000001000000000000000	001010011110	
00010000000000000000000000001000000000000000	011111101110	
00100000000000000000000000001000000000000000	110100001110	
01000000000000000000000000001000000000000000	101101011011	
10000000000000000000000000001000000000000000	011111110001	
00000000000000000000000000110000000000000000	010110100100	
00000000000000000000000001010000000000000000	111011101100	
00000000000000000000000010010000000000000000	101111101001	
00000000000000000000000100010000000000000000	000111100011	
00000000000000000000001000010000000000000000	011001100010	
00000000000000000000010000010000000000000000	100101100000	
00000000000000000000100000010000000000000000	010011110001	
00000000000000000001000000010000000000000000	110001000110	
00000000000000000010000000010000000000000000	111010111101	
00000000000000000100000000010000000000000000	101101001011	
00000000000000001000000000010000000000000000	000010100111	
00000000000000010000000000010000000000000000	010011101010	
00000000000000100000000000010000000000000000	110001110000	
00000000000001000000000000010000000000000000	111011010001	
00000000000010000000000000010000000000000000	101110010011	
00000000000100000000000000010000000000000000	000100010111	
00000000001000000000000000010000000000000000	011110001010	
00000000010000000000000000010000000000000000	101010110000	
00000000100000000000000000010000000000000000	001101010001	
00000001000000000000000000010000000000000000	001100000110	
00000010000000000000000000010000000000000000	001110101000	
00000100000000000000000000010000000000000000	001011110100	
00001000000000000000000000010000000000000000	000001001100	
00010000000000000000000000010000000000000000	010100111100	
00100000000000000000000000010000000000000000	111111011100	
01000000000000000000000000010000000000000000	100110001001	
10000000000000000000000000010000000000000000	010100100011	
00000000000000000000000001100000000000000000	101101001000	
00000000000000000000000010100000000000000000	111001001101	
00000000000000000000000100100000000000000000	010001000111	
00000000000000000000001000100000000000000000	001111000110	
00000000000000000000010000100000000000000000	110011000100	
00000000000000000000100000100000000000000000	000101010101	
00000000000000000001000000100000000000000000	100111100010	
00000000000000000010000000100000000000000000	101100011001	
00000000000000000100000000100000000000000000	111011101111	
00000000000000001000000000100000000000000000	010100000011	
00000000000000010000000000100000000000000000	000101001110	
00000000000000100000000000100000000000000000	100111010100	
00000000000001000000000000100000000000000000	101101110101	
00000000000010000000000000100000000000000000	111000110111	
00000000000100000000000000100000000000000000	010010110011	
00000000001000000000000000100000000000000000	001000101110	
00000000010000000000000000100000000000000000	111100010100	
00000000100000000000000000100000000000000000	011011110101	
00000001000000000000000000100000000000000000	011010100010	
00000010000000000000000000100000000000000000	011000001100	
00000100000000000000000000100000000000000000	011101010000	
00001000000000000000000000100000000000000000	010111101000	
00010000000000000000000000100000000000000000	000010011000	
00100000000000000000000000100000000000000000	101001111000	
01000000000000000000000000100000000000000000	110000101101	
10000000000000000000000000100000000000000000	000010000111	
00000000000000000000000011000000000000000000	010100000101	
00000000000000000000000101000000000000000000	111100001111	
00000000000000000000001001000000000000000000	100010001110	
00000000000000000000010001000000000000000000	011110001100	
00000000000000000000100001000000000000000000	101000011101	
00000000000000000001000001000000000000000000	001010101010	
00000000000000000010000001000000000000000000	000001010001	
00000000000000000100000001000000000000000000	010110100111	
00000000000000001000000001000000000000000000	111001001011	
00000000000000010000000001000000000000000000	101000000110	
00000000000000100000000001000000000000000000	001010011100	
00000000000001000000000001000000000000000000	000000111101	
00000000000010000000000001000000000000000000	010101111111	
00000000000100000000000001000000000000000000	111111111011	
00000000001000000000000001000000000000000000	100101100110	
00000000010000000000000001000000000000000000	010001011100	
00000000100000000000000001000000000000000000	110110111101	
00000001000000000000000001000000000000000000	110111101010	
00000010000000000000000001000000000000000000	110101000100	
00000100000000000000000001000000000000000000	110000011000	
00001000000000000000000001000000000000000000	111010100000	
00010000000000000000000001000000000000000000	101111010000	
00100000000000000000000001000000000000000000	000100110000	
01000000000000000000000001000000000000000000	011101100101	
10000000000000000000000001000000000000000000	101111001111	
00000000000000000000000110000000000000000000	101000001010	
00000000000000000000001010000000000000000000	110110001011	
00000000000000000000010010000000000000000000	001010001001	
00000000000000000000100010000000000000000000	111100011000	
00000000000000000001000010000000000000000000	011110101111	
00000000000000000010000010000000000000000000	010101010100	
00000000000000000100000010000000000000000000	000010100010	
00000000000000001000000010000000000000000000	101101001110	
00000000000000010000000010000000000000000000	111100000011	
00000000000000100000000010000000000000000000	011110011001	
00000000000001000000000010000000000000000000	010100111000	
00000000000010000000000010000000000000000000	000001111010	
00000000000100000000000010000000000000000000	101011111110	
00000000001000000000000010000000000000000000	110001100011	
00000000010000000000000010000000000000000000	000101011001	
00000000100000000000000010000000000000000000	100010111000	
00000001000000000000000010000000000000000000	100011101111	
00000010000000000000000010000000000000000000	100001000001	
00000100000000000000000010000000000000000000	100100011101	
00001000000000000000000010000000000000000000	101110100101	
00010000000000000000000010000000000000000000	111011010101	
00100000000000000000000010000000000000000000	010000110101	
01000000000000000000000010000000000000000000	001001100000	
10000000000000000000000010000000000000000000	111011001010	
00000000000000000000001100000000000000000000	011110000001	
00000000000000000000010100000000000000000000	100010000011	
00000000000000000000100100000000000000000000	010100010010	
00000000000000000001000100000000000000000000	110110100101	
00000000000000000010000100000000000000000000	111101011110	
00000000000000000100000100000000000000000000	101010101000	
00000000000000001000000100000000000000000000	000101000100	
00000000000000010000000100000000000000000000	010100001001	
00000000000000100000000100000000000000000000	110110010011	
00000000000001000000000100000000000000000000	111100110010	
00000000000010000000000100000000000000000000	101001110000	
00000000000100000000000100000000000000000000	000011110100	
00000000001000000000000100000000000000000000	011001101001	
00000000010000000000000100000000000000000000	101101010011	
00000000100000000000000100000000000000000000	001010110010	
00000001000000000000000100000000000000000000	001011100101	
00000010000000000000000100000000000000000000	001001001011	
00000100000000000000000100000000000000000000	001100010111	
00001000000000000000000100000000000000000000	000110101111	
00010000000000000000000100000000000000000000	010011011111	
00100000000000000000000100000000000000000000	111000111111	
01000000000000000000000100000000000000000000	100001101010	
10000000000000000000000100000000000000000000	010011000000	
00000000000000000000011000000000000000000000	111100000010	
00000000000000000000101000000000000000000000	001010010011	
00000000000000000001001000000000000000000000	101000100100	
00000000000000000010001000000000000000000000	100011011111	
00000000000000000100001000000000000000000000	110100101001	
00000000000000001000001000000000000000000000	011011000101	
00000000000000010000001000000000000000000000	001010001000	
00000000000000100000001000000000000000000000	101000010010	
00000000000001000000001000000000000000000000	100010110011	
00000000000010000000001000000000000000000000	110111110001	
00000000000100000000001000000000000000000000	011101110101	
00000000001000000000001000000000000000000000	000111101000	
00000000010000000000001000000000000000000000	110011010010	
00000000100000000000001000000000000000000000	010100110011	
00000001000000000000001000000000000000000000	010101100100	
00000010000000000000001000000000000000000000	010111001010	
00000100000000000000001000000000000000000000	010010010110	
00001000000000000000001000000000000000000000	011000101110	
00010000000000000000001000000000000000000000	001101011110	
00100000000000000000001000000000000000000000	100110111110	
01000000000000000000001000000000000000000000	111111101011	
10000000000000000000001000000000000000000000	001101000001	
00000000000000000000110000000000000000000000	110110010001	
00000000000000000001010000000000000000000000	010100100110	
00000000000000000010010000000000000000000000	011111011101	
00000000000000000100010000000000000000000000	001000101011	
00000000000000001000010000000000000000000000	100111000111	
00000000000000010000010000000000000000000000	110110001010	
00000000000000100000010000000000000000000000	010100010000	
00000000000001000000010000000000000000000000	011110110001	
00000000000010000000010000000000000000000000	001011110011	
00000000000100000000010000000000000000000000	100001110111	
00000000001000000000010000000000000000000000	111011101010	
00000000010000000000010000000000000000000000	001111010000	
00000000100000000000010000000000000000000000	101000110001	
00000001000000000000010000000000000000000000	101001100110	
00000010000000000000010000000000000000000000	101011001000	
00000100000000000000010000000000000000000000	101110010100	
00001000000000000000010000000000000000000000	100100101100	
00010000000000000000010000000000000000000000	110001011100	
00100000000000000000010000000000000000000000	011010111100	
01000000000000000000010000000000000000000000	000011101001	
10000000000000000000010000000000000000000000	110001000011	
00000000000000000001100000000000000000000000	100010110111	
00000000000000000010100000000000000000000000	101001001100	
00000000000000000100100000000000000000000000	111110111010	
00000000000000001000100000000000000000000000	010001010110	
00000000000000010000100000000000000000000000	000000011011	
00000000000000100000100000000000000000000000	100010000001	
00000000000001000000100000000000000000000000	101000100000	
00000000000010000000100000000000000000000000	111101100010	
00000000000100000000100000000000000000000000	010111100110	
00000000001000000000100000000000000000000000	001101111011	
00000000010000000000100000000000000000000000	111001000001	
00000000100000000000100000000000000000000000	011110100000	
00000001000000000000100000000000000000000000	011111110111	
00000010000000000000100000000000000000000000	011101011001	
00000100000000000000100000000000000000000000	011000000101	
00001000000000000000100000000000000000000000	010010111101	
00010000000000000000100000000000000000000000	000111001101	
00100000000000000000100000000000000000000000	101100101101	
01000000000000000000100000000000000000000000	110101111000	
10000000000000000000100000000000000000000000	000111010010	
00000000000000000011000000000000000000000000	001011111011	
00000000000000000101000000000000000000000000	011100001101	
00000000000000001001000000000000000000000000	110011100001	
00000000000000010001000000000000000000000000	100010101100	
00000000000000100001000000000000000000000000	000000110110	
00000000000001000001000000000000000000000000	001010010111	
00000000000010000001000000000000000000000000	011111010101	
00000000000100000001000000000000000000000000	110101010001	
00000000001000000001000000000000000000000000	101111001100	
00000000010000000001000000000000000000000000	011011110110	
00000000100000000001000000000000000000000000	111100010111	
00000001000000000001000000000000000000000000	111101000000	
00000010000000000001000000000000000000000000	111111101110	
00000100000000000001000000000000000000000000	111010110010	
00001000000000000001000000000000000000000000	110000001010	
00010000000000000001000000000000000000000000	100101111010	
00100000000000000001000000000000000000000000	001110011010	
01000000000000000001000000000000000000000000	010111001111	
10000000000000000001000000000000000000000000	100101100101	
00000000000000000110000000000000000000000000	010111110110	
00000000000000001010000000000000000000000000	111000011010	
00000000000000010010000000000000000000000000	101001010111	
00000000000000100010000000000000000000000000	001011001101	
00000000000001000010000000000000000000000000	000001101100	
00000000000010000010000000000000000000000000	010100101110	
00000000000100000010000000000000000000000000	111110101010	
00000000001000000010000000000000000000000000	100100110111	
00000000010000000010000000000000000000000000	010000001101	
00000000100000000010000000000000000000000000	110111101100	
00000001000000000010000000000000000000000000	110110111011	
00000010000000000010000000000000000000000000	110100010101	
00000100000000000010000000000000000000000000	110001001001	
00001000000000000010000000000000000000000000	111011110001	
00010000000000000010000000000000000000000000	101110000001	
00100000000000000010000000000000000000000000	000101100001	
01000000000000000010000000000000000000000000	011100110100	
10000000000000000010000000000000000000000000	101110011110	
00000000000000001100000000000000000000000000	101111101100	
00000000000000010100000000000000000000000000	111110100001	
00000000000000100100000000000000000000000000	011100111011	
00000000000001000100000000000000000000000000	010110011010	
00000000000010000100000000000000000000000000	000011011000	
00000000000100000100000000000000000000000000	101001011100	
00000000001000000100000000000000000000000000	110011000001	
00000000010000000100000000000000000000000000	000111111011	
00000000100000000100000000000000000000000000	100000011010	
00000001000000000100000000000000000000000000	100001001101	
00000010000000000100000000000000000000000000	100011100011	
00000100000000000100000000000000000000000000	100110111111	
00001000000000000100000000000000000000000000	101100000111	
00010000000000000100000000000000000000000000	111001110111	
00100000000000000100000000000000000000000000	010010010111	
01000000000000000100000000000000000000000000	001011000010	
10000000000000000100000000000000000000000000	111001101000	
00000000000000011000000000000000000000000000	010001001101	
00000000000000101000000000000000000000000000	110011010111	
00000000000001001000000000000000000000000000	111001110110	
00000000000010001000000000000000000000000000	101100110100	
00000000000100001000000000000000000000000000	000110110000	
00000000001000001000000000000000000000000000	011100101101	
00000000010000001000000000000000000000000000	101000010111	
00000000100000001000000000000000000000000000	001111110110	
00000001000000001000000000000000000000000000	001110100001	
00000010000000001000000000000000000000000000	001100001111	
00000100000000001000000000000000000000000000	001001010011	
00001000000000001000000000000000000000000000	000011101011	
00010000000000001000000000000000000000000000	010110011011	
00100000000000001000000000000000000000000000	111101111011	
01000000000000001000000000000000000000000000	100100101110	
10000000000000001000000000000000000000000000	010110000100	
00000000000000110000000000000000000000000000	100010011010	
00000000000001010000000000000000000000000000	101000111011	
00000000000010010000000000000000000000000000	111101111001	
00000000000100010000000000000000000000000000	010111111101	
00000000001000010000000000000000000000000000	001101100000	
00000000010000010000000000000000000000000000	111001011010	
00000000100000010000000000000000000000000000	011110111011	
00000001000000010000000000000000000000000000	011111101100	
00000010000000010000000000000000000000000000	011101000010	
00000100000000010000000000000000000000000000	011000011110	
00001000000000010000000000000000000000000000	010010100110	
00010000000000010000000000000000000000000000	000111010110	
00100000000000010000000000000000000000000000	101100110110	
01000000000000010000000000000000000000000000	110101100011	
10000000000000010000000000000000000000000000	000111001001	
00000000000001100000000000000000000000000000	001010100001	
00000000000010100000000000000000000000000000	011111100011	
00000000000100100000000000000000000000000000	110101100111	
00000000001000100000000000000000000000000000	101111111010	
00000000010000100000000000000000000000000000	011011000000	
00000000100000100000000000000000000000000000	111100100001	
00000001000000100000000000000000000000000000	111101110110	
00000010000000100000000000000000000000000000	111111011000	
00000100000000100000000000000000000000000000	111010000100	
00001000000000100000000000000000000000000000	110000111100	
00010000000000100000000000000000000000000000	100101001100	
00100000000000100000000000000000000000000000	001110101100	
01000000000000100000000000000000000000000000	010111111001	
10000000000000100000000000000000000000000000	100101010011	
00000000000011000000000000000000000000000000	010101000010	
00000000000101000000000000000000000000000000	111111000110	
00000000001001000000000000000000000000000000	100101011011	
00000000010001000000000000000000000000000000	010001100001	
00000000100001000000000000000000000000000000	110110000000	
00000001000001000000000000000000000000000000	110111010111	
00000010000001000000000000000000000000000000	110101111001	
00000100000001000000000000000000000000000000	110000100101	
00001000000001000000000000000000000000000000	111010011101	
00010000000001000000000000000000000000000000	101111101101	
00100000000001000000000000000000000000000000	000100001101	
01000000000001000000000000000000000000000000	011101011000	
10000000000001000000000000000000000000000000	101111110010	
00000000000110000000000000000000000000000000	101010000100	
00000000001010000000000000000000000000000000	110000011001	
00000000010010000000000000000000000000000000	000100100011	
00000000100010000000000000000000000000000000	100011000010	
00000001000010000000000000000000000000000000	100010010101	
00000010000010000000000000000000000000000000	100000111011	
00000100000010000000000000000000000000000000	100101100111	
00001000000010000000000000000000000000000000	101111011111	
00010000000010000000000000000000000000000000	111010101111	
00100000000010000000000000000000000000000000	010001001111	
01000000000010000000000000000000000000000000	001000011010	
10000000000010000000000000000000000000000000	111010110000	
00000000001100000000000000000000000000000000	011010011101	
00000000010100000000000000000000000000000000	101110100111	
00000000100100000000000000000000000000000000	001001000110	
00000001000100000000000000000000000000000000	001000010001	
00000010000100000000000000000000000000000000	001010111111	
00000100000100000000000000000000000000000000	001111100011	
00001000000100000000000000000000000000000000	000101011011	
00010000000100000000000000000000000000000000	010000101011	
00100000000100000000000000000000000000000000	111011001011	
01000000000100000000000000000000000000000000	100010011110	
10000000000100000000000000000000000000000000	010000110100	
00000000011000000000000000000000000000000000	110100111010	
00000000101000000000000000000000000000000000	010011011011	
00000001001000000000000000000000000000000000	010010001100	
00000010001000000000000000000000000000000000	010000100010	
00000100001000000000000000000000000000000000	010101111110	
00001000001000000000000000000000000000000000	011111000110	
00010000001000000000000000000000000000000000	001010110110	
00100000001000000000000000000000000000000000	100001010110	
01000000001000000000000000000000000000000000	111000000011	
10000000001000000000000000000000000000000000	001010101001	
00000000110000000000000000000000000000000000	100111100001	
00000001010000000000000000000000000000000000	100110110110	
00000010010000000000000000000000000000000000	100100011000	
00000100010000000000000000000000000000000000	100001000100	
00001000010000000000000000000000000000000000	101011111100	
00010000010000000000000000000000000000000000	111110001100	
00100000010000000000000000000000000000000000	010101101100	
01000000010000000000000000000000000000000000	001100111001	
10000000010000000000000000000000000000000000	111110010011	
00000001100000000000000000000000000000000000	000001010111	
00000010100000000000000000000000000000000000	000011111001	
00000100100000000000000000000000000000000000	000110100101	
00001000100000000000000000000000000000000000	001100011101	
00010000100000000000000000000000000000000000	011001101101	
00100000100000000000000000000000000000000000	110010001101	
01000000100000000000000000000000000000000000	101011011000	
10000000100000000000000000000000000000000000	011001110010	
00000011000000000000000000000000000000000000	000010101110	
00000101000000000000000000000000000000000000	000111110010	
00001001000000000000000000000000000000000000	001101001010	
00010001000000000000000000000000000000000000	011000111010	
00100001000000000000000000000000000000000000	110011011010	
01000001000000000000000000000000000000000000	101010001111	
10000001000000000000000000000000000000000000	011000100101	
00000110000000000000000000000000000000000000	000101011100	
00001010000000000000000000000000000000000000	001111100100	
00010010000000000000000000000000000000000000	011010010100	
00100010000000000000000000000000000000000000	110001110100	
01000010000000000000000000000000000000000000	101000100001	
10000010000000000000000000000000000000000000	011010001011	
00001100000000000000000000000000000000000000	001010111000	
00010100000000000000000000000000000000000000	011111001000	
00100100000000000000000000000000000000000000	110100101000	
01000100000000000000000000000000000000000000	101101111101	
10000100000000000000000000000000000000000000	011111010111	
00011000000000000000000000000000000000000000	010101110000	
00101000000000000000000000000000000000000000	111110010000	
01001000000000000000000000000000000000000000	100111000101	
10001000000000000000000000000000000000000000	010101101111	
00110000000000000000000000000000000000000000	101011100000	
01010000000000000000000000000000000000000000	110010110101	
10010000000000000000000000000000000000000000	000000011111	
01100000000000000000000000000000000000000000	011001010101	
10100000000000000000000000000000000000000000	101011111111	
11000000000000000000000000000000000000000000	110010101010	
